!  STARS, BROWN DWARFS, AND GAS GIANT PLANETS COLORS
!  
!  E(B-V) =     0.000
!     A_V =     0.000
!
!  "MAGNITUDES" m AT THE STELLAR SURFACE
!  (distance modulus factor not included)
!
!  ABSOLUTE MAGNITUDES: M_m = m - 5logR(pc) + 5
!
! Type of calibration used: Vega
! Using recent Calspec Alpha Lyrea STIS spectrum:
! ftp://ftp.stsci.edu/cdbs/current_calspec/
!
! Unless mentioned otherwise below, we calculate:
! Pogson magnitudes resulting from photon count integration (caracteristic of CCDs)
!
! 2MASS Cohen et al. (2003) RSR JHK filters
! (energy counting + add. zps used)
!
!        Teff    Logg   [M/H]   [a/H]             J           H           K         J-H         J-K         H-K
      5777.00    4.44    0.00    0.00       -39.567     -39.880     -39.952       0.312       0.385       0.073
      1200.00    2.50    0.00    0.00       -32.375     -33.929     -35.026       1.554       2.651       1.097
      1200.00    3.00    0.00    0.00       -32.845     -34.332     -35.169       1.487       2.324       0.837
      1200.00    3.50    0.00    0.00       -33.280     -34.566     -35.012       1.286       1.732       0.446
      1200.00    4.00    0.00    0.00       -33.381     -34.581     -34.974       1.200       1.593       0.392
      1200.00    4.50    0.00    0.00       -33.293     -34.549     -34.983       1.256       1.690       0.435
      1200.00    5.00    0.00    0.00       -33.757     -34.503     -34.664       0.746       0.908       0.161
      1200.00    5.50    0.00    0.00       -33.991     -34.434     -34.445       0.444       0.454       0.011
      1300.00    2.50    0.00    0.00       -32.719     -34.179     -35.275       1.460       2.556       1.095
      1300.00    3.00    0.00    0.00       -33.387     -34.537     -35.436       1.150       2.049       0.899
      1300.00    3.50    0.00    0.00       -33.343     -34.756     -35.566       1.413       2.223       0.810
      1300.00    4.00    0.00    0.00       -33.538     -34.848     -35.455       1.310       1.917       0.607
      1300.00    4.50    0.00    0.00       -33.575     -34.884     -35.500       1.310       1.926       0.616
      1300.00    5.00    0.00    0.00       -33.852     -34.986     -35.275       1.135       1.423       0.289
      1300.00    5.50    0.00    0.00       -34.078     -34.945     -35.051       0.866       0.973       0.106
      1400.00    3.00    0.00    0.00       -34.033     -34.959     -35.774       0.926       1.741       0.815
      1400.00    3.50    0.00    0.00       -34.001     -35.051     -35.858       1.050       1.856       0.806
      1400.00    4.00    0.00    0.00       -33.681     -35.033     -35.884       1.352       2.203       0.851
      1400.00    4.50    0.00    0.00       -33.794     -35.116     -35.858       1.322       2.064       0.742
      1400.00    5.00    0.00    0.00       -33.927     -35.190     -35.850       1.264       1.923       0.659
      1400.00    5.50    0.00    0.00       -34.248     -35.257     -35.552       1.009       1.304       0.295
      1500.00    2.50    0.00    0.00       -33.649     -34.729     -35.652       1.080       2.003       0.923
      1500.00    3.00    0.00    0.00       -32.988     -34.540     -35.658       1.552       2.669       1.118
      1500.00    3.50    0.00    0.00       -32.808     -34.490     -35.723       1.682       2.916       1.234
      1500.00    4.00    0.00    0.00       -33.661     -35.095     -36.145       1.434       2.483       1.050
      1500.00    4.50    0.00    0.00       -33.841     -35.214     -36.155       1.373       2.314       0.941
      1500.00    5.00    0.00    0.00       -34.028     -35.311     -36.119       1.283       2.091       0.808
      1500.00    5.50    0.00    0.00       -34.185     -35.399     -36.144       1.214       1.958       0.745
      1550.00    5.00    0.00    0.00       -33.970     -35.312     -36.226       1.342       2.256       0.914
      1550.00    5.50    0.00    0.00       -34.188     -35.433     -36.264       1.245       2.076       0.830
      1600.00    2.50    0.00    0.00       -34.490     -35.333     -36.095       0.843       1.605       0.762
      1600.00    3.00    0.00    0.00       -33.361     -34.759     -35.887       1.397       2.526       1.129
      1600.00    3.50    0.00    0.00       -33.014     -34.838     -36.128       1.824       3.113       1.289
      1600.00    4.00    0.00    0.00       -34.005     -35.320     -36.353       1.315       2.348       1.033
      1600.00    4.50    0.00    0.00       -34.048     -35.435     -36.425       1.388       2.377       0.990
      1600.00    5.00    0.00    0.00       -33.998     -35.345     -36.311       1.347       2.314       0.966
      1600.00    5.50    0.00    0.00       -34.250     -35.490     -36.342       1.240       2.092       0.851
      1650.00    5.00    0.00    0.00       -34.205     -35.561     -36.549       1.356       2.344       0.988
      1650.00    5.50    0.00    0.00       -34.490     -35.655     -36.412       1.165       1.922       0.757
      1700.00    2.50    0.00    0.00       -33.589     -34.996     -36.039       1.407       2.450       1.043
      1700.00    3.00    0.00    0.00       -34.055     -35.510     -36.483       1.455       2.429       0.974
      1700.00    3.50    0.00    0.00       -34.071     -35.604     -36.543       1.533       2.472       0.939
      1700.00    4.00    0.00    0.00       -34.478     -35.875     -36.719       1.397       2.241       0.844
      1700.00    4.50    0.00    0.00       -34.546     -35.807     -36.666       1.260       2.119       0.859
      1700.00    5.00    0.00    0.00       -34.467     -35.779     -36.700       1.313       2.233       0.920
      1700.00    5.50    0.00    0.00       -34.738     -35.836     -36.577       1.098       1.840       0.742
      1750.00    5.00    0.00    0.00       -34.698     -35.956     -36.787       1.258       2.088       0.831
      1750.00    5.50    0.00    0.00       -34.983     -36.004     -36.686       1.021       1.703       0.682
      1800.00    2.50    0.00    0.00       -34.323     -35.262     -36.129       0.939       1.805       0.867
      1800.00    3.00    0.00    0.00       -34.422     -35.639     -36.569       1.218       2.148       0.930
      1800.00    3.50    0.00    0.00       -34.957     -36.034     -36.770       1.077       1.813       0.736
      1800.00    4.00    0.00    0.00       -35.144     -36.196     -36.866       1.052       1.722       0.670
      1800.00    4.50    0.00    0.00       -35.041     -36.171     -36.853       1.130       1.812       0.682
      1800.00    5.00    0.00    0.00       -35.055     -36.210     -36.912       1.155       1.857       0.702
      1800.00    5.50    0.00    0.00       -35.297     -36.174     -36.735       0.877       1.439       0.562
      1850.00    5.00    0.00    0.00       -35.317     -36.403     -36.963       1.086       1.647       0.560
      1850.00    5.50    0.00    0.00       -35.576     -36.386     -36.854       0.810       1.278       0.468
      1900.00    2.50    0.00    0.00       -34.637     -35.677     -36.436       1.041       1.799       0.759
      1900.00    3.00    0.00    0.00       -35.246     -36.143     -36.818       0.897       1.572       0.675
      1900.00    3.50    0.00    0.00       -35.494     -36.360     -36.969       0.866       1.475       0.609
      1900.00    4.00    0.00    0.00       -35.474     -36.416     -37.025       0.942       1.550       0.609
      1900.00    4.50    0.00    0.00       -35.604     -36.531     -37.048       0.927       1.443       0.516
      1900.00    5.00    0.00    0.00       -35.644     -36.582     -37.026       0.937       1.381       0.444
      1900.00    5.50    0.00    0.00       -35.644     -36.422     -36.863       0.778       1.219       0.441
      1950.00    5.00    0.00    0.00       -35.723     -36.664     -37.121       0.942       1.398       0.457
      1950.00    5.50    0.00    0.00       -35.863     -36.611     -36.964       0.748       1.101       0.353
      2000.00    2.50    0.00    0.00       -35.973     -36.589     -37.130       0.616       1.157       0.542
      2000.00    3.00    0.00    0.00       -35.797     -36.534     -37.115       0.736       1.318       0.581
      2000.00    3.50    0.00    0.00       -35.779     -36.572     -37.145       0.793       1.366       0.573
      2000.00    4.00    0.00    0.00       -35.943     -36.683     -37.205       0.740       1.262       0.522
      2000.00    4.50    0.00    0.00       -36.029     -36.753     -37.214       0.725       1.186       0.461
      2000.00    5.00    0.00    0.00       -35.693     -36.655     -37.125       0.962       1.433       0.470
      2000.00    5.50    0.00    0.00       -35.999     -36.720     -37.052       0.721       1.053       0.332
      2050.00    2.50    0.00    0.00       -36.074     -36.699     -37.231       0.625       1.157       0.532
      2050.00    3.00    0.00    0.00       -36.069     -36.720     -37.246       0.651       1.177       0.525
      2050.00    3.50    0.00    0.00       -35.981     -36.706     -37.245       0.725       1.264       0.539
      2050.00    4.00    0.00    0.00       -36.051     -36.781     -37.271       0.729       1.219       0.490
      2050.00    4.50    0.00    0.00       -36.082     -36.819     -37.250       0.737       1.168       0.431
      2050.00    5.00    0.00    0.00       -36.154     -36.913     -37.271       0.759       1.118       0.359
      2100.00    2.50    0.00    0.00       -36.166     -36.761     -37.275       0.595       1.110       0.514
      2100.00    3.00    0.00    0.00       -36.074     -36.738     -37.273       0.664       1.199       0.535
      2100.00    3.50    0.00    0.00       -36.149     -36.800     -37.303       0.651       1.154       0.503
      2100.00    4.00    0.00    0.00       -36.211     -36.863     -37.317       0.651       1.106       0.455
      2100.00    4.50    0.00    0.00       -36.236     -36.922     -37.366       0.686       1.131       0.444
      2100.00    5.00    0.00    0.00       -36.244     -36.959     -37.300       0.715       1.055       0.341
      2100.00    5.50    0.00    0.00       -36.354     -36.992     -37.182       0.638       0.828       0.190
      2150.00    2.50    0.00    0.00       -36.245     -36.861     -37.371       0.616       1.126       0.510
      2150.00    3.00    0.00    0.00       -36.250     -36.888     -37.394       0.639       1.144       0.506
      2150.00    3.50    0.00    0.00       -36.300     -36.927     -37.408       0.627       1.109       0.481
      2150.00    4.00    0.00    0.00       -36.343     -36.986     -37.433       0.643       1.090       0.447
      2150.00    4.50    0.00    0.00       -36.306     -37.008     -37.427       0.702       1.121       0.419
      2150.00    5.00    0.00    0.00       -36.303     -37.031     -37.391       0.728       1.088       0.360
      2200.00    2.50    0.00    0.00       -36.397     -36.953     -37.430       0.556       1.033       0.478
      2200.00    3.00    0.00    0.00       -36.376     -36.963     -37.446       0.588       1.071       0.483
      2200.00    3.50    0.00    0.00       -36.385     -36.990     -37.461       0.605       1.076       0.471
      2200.00    4.00    0.00    0.00       -36.421     -37.040     -37.477       0.619       1.055       0.437
      2200.00    4.50    0.00    0.00       -36.405     -37.056     -37.485       0.651       1.080       0.429
      2200.00    5.00    0.00    0.00       -36.404     -37.129     -37.485       0.725       1.081       0.356
      2200.00    5.50    0.00    0.00       -36.252     -36.949     -37.240       0.697       0.988       0.291
      2250.00    2.50    0.00    0.00       -36.523     -37.062     -37.522       0.539       0.999       0.460
      2250.00    3.00    0.00    0.00       -36.545     -37.105     -37.559       0.560       1.014       0.454
      2250.00    3.50    0.00    0.00       -36.536     -37.121     -37.571       0.585       1.034       0.449
      2250.00    4.00    0.00    0.00       -36.563     -37.157     -37.573       0.593       1.009       0.416
      2250.00    4.50    0.00    0.00       -36.553     -37.176     -37.556       0.623       1.003       0.380
      2250.00    5.00    0.00    0.00       -36.503     -37.203     -37.555       0.700       1.052       0.351
      2300.00    2.50    0.00    0.00       -36.660     -37.155     -37.588       0.495       0.928       0.434
      2300.00    3.00    0.00    0.00       -36.645     -37.173     -37.608       0.528       0.963       0.436
      2300.00    3.50    0.00    0.00       -36.608     -37.171     -37.610       0.563       1.001       0.438
      2300.00    4.00    0.00    0.00       -36.621     -37.207     -37.622       0.587       1.001       0.414
      2300.00    4.50    0.00    0.00       -36.750     -37.285     -37.652       0.536       0.902       0.367
      2300.00    5.00    0.00    0.00       -36.659     -37.285     -37.611       0.627       0.953       0.326
      2300.00    5.50    0.00    0.00       -36.822     -37.325     -37.552       0.503       0.730       0.227
      2350.00    2.50    0.00    0.00       -36.687     -37.208     -37.642       0.522       0.955       0.433
      2350.00    3.00    0.00    0.00       -36.758     -37.285     -37.704       0.527       0.946       0.419
      2350.00    3.50    0.00    0.00       -36.740     -37.295     -37.713       0.555       0.973       0.418
      2350.00    4.00    0.00    0.00       -36.752     -37.323     -37.720       0.571       0.968       0.398
      2350.00    4.50    0.00    0.00       -36.735     -37.341     -37.717       0.606       0.981       0.375
      2350.00    5.00    0.00    0.00       -36.785     -37.395     -37.697       0.610       0.912       0.302
      2400.00    2.50    0.00    0.00       -36.850     -37.330     -37.727       0.480       0.877       0.397
      2400.00    3.00    0.00    0.00       -36.820     -37.333     -37.743       0.514       0.924       0.410
      2400.00    3.50    0.00    0.00       -36.808     -37.347     -37.759       0.539       0.950       0.411
      2400.00    4.00    0.00    0.00       -36.815     -37.375     -37.766       0.559       0.951       0.391
      2400.00    4.50    0.00    0.00       -36.879     -37.408     -37.767       0.529       0.888       0.359
      2400.00    5.00    0.00    0.00       -36.831     -37.439     -37.755       0.608       0.925       0.317
      2400.00    5.50    0.00    0.00       -36.862     -37.484     -37.730       0.623       0.868       0.245
      2500.00    2.50    0.00    0.00       -37.037     -37.517     -37.865       0.479       0.827       0.348
      2500.00    3.00    0.00    0.00       -36.996     -37.497     -37.880       0.502       0.884       0.383
      2500.00    3.50    0.00    0.00       -36.979     -37.507     -37.894       0.528       0.914       0.386
      2500.00    4.00    0.00    0.00       -36.977     -37.527     -37.900       0.550       0.924       0.374
      2500.00    4.50    0.00    0.00       -36.981     -37.550     -37.901       0.569       0.920       0.351
      2500.00    5.00    0.00    0.00       -36.997     -37.588     -37.900       0.591       0.903       0.312
      2500.00    5.50    0.00    0.00       -36.998     -37.619     -37.884       0.621       0.886       0.265
      2600.00    2.50    0.00    0.00       -37.196     -37.715     -38.006       0.519       0.810       0.291
      2600.00    3.00    0.00    0.00       -37.160     -37.661     -38.008       0.500       0.848       0.348
      2600.00    3.50    0.00    0.00       -37.132     -37.657     -38.020       0.524       0.887       0.363
      2600.00    4.00    0.00    0.00       -37.124     -37.669     -38.026       0.544       0.901       0.357
      2600.00    4.50    0.00    0.00       -37.159     -37.693     -38.031       0.534       0.871       0.338
      2600.00    5.00    0.00    0.00       -37.134     -37.721     -38.031       0.587       0.897       0.310
      2600.00    5.50    0.00    0.00       -37.139     -37.752     -38.023       0.613       0.884       0.271
      2700.00    2.50    0.00    0.00       -37.330     -37.913     -38.151       0.583       0.821       0.238
      2700.00    3.00    0.00    0.00       -37.318     -37.841     -38.148       0.523       0.831       0.307
      2700.00    3.50    0.00    0.00       -37.278     -37.803     -38.140       0.524       0.861       0.337
      2700.00    4.00    0.00    0.00       -37.264     -37.806     -38.144       0.542       0.880       0.338
      2700.00    4.50    0.00    0.00       -37.303     -37.867     -38.191       0.564       0.887       0.323
      2700.00    5.00    0.00    0.00       -37.262     -37.846     -38.151       0.584       0.889       0.305
      2700.00    5.50    0.00    0.00       -37.329     -37.883     -38.154       0.554       0.825       0.270
      2800.00    2.50    0.00    0.00       -37.446     -38.100     -38.303       0.655       0.857       0.202
      2800.00    3.00    0.00    0.00       -37.445     -38.004     -38.271       0.559       0.827       0.267
      2800.00    3.50    0.00    0.00       -37.416     -37.953     -38.260       0.537       0.844       0.308
      2800.00    4.00    0.00    0.00       -37.399     -37.944     -38.261       0.545       0.862       0.317
      2800.00    4.50    0.00    0.00       -37.406     -37.951     -38.264       0.545       0.858       0.313
      2800.00    5.00    0.00    0.00       -37.389     -37.974     -38.278       0.584       0.889       0.305
      2800.00    5.50    0.00    0.00       -37.399     -38.002     -38.274       0.603       0.875       0.272
      2900.00    2.50    0.00    0.00       -37.544     -38.279     -38.453       0.735       0.909       0.174
      2900.00    3.00    0.00    0.00       -37.562     -38.174     -38.397       0.612       0.836       0.223
      2900.00    3.50    0.00    0.00       -37.538     -38.092     -38.365       0.554       0.827       0.272
      2900.00    4.00    0.00    0.00       -37.523     -38.074     -38.366       0.551       0.843       0.292
      2900.00    4.50    0.00    0.00       -37.509     -38.069     -38.369       0.561       0.860       0.299
      2900.00    5.00    0.00    0.00       -37.513     -38.092     -38.379       0.578       0.865       0.287
      2900.00    5.50    0.00    0.00       -37.520     -38.116     -38.383       0.596       0.863       0.268
      3000.00    2.50    0.00    0.00       -37.635     -38.435     -38.606       0.800       0.971       0.171
      3000.00    3.00    0.00    0.00       -37.665     -38.349     -38.546       0.684       0.881       0.197
      3000.00    3.50    0.00    0.00       -37.662     -38.256     -38.500       0.594       0.838       0.244
      3000.00    4.00    0.00    0.00       -37.647     -38.215     -38.483       0.568       0.836       0.268
      3000.00    4.50    0.00    0.00       -37.623     -38.188     -38.472       0.565       0.849       0.284
      3000.00    5.00    0.00    0.00       -37.637     -38.215     -38.487       0.578       0.851       0.272
      3000.00    5.50    0.00    0.00       -37.640     -38.232     -38.489       0.592       0.850       0.257
      3100.00    2.50    0.00    0.00       -37.718     -38.568     -38.745       0.850       1.027       0.177
      3100.00    3.00    0.00    0.00       -37.751     -38.497     -38.684       0.746       0.933       0.187
      3100.00    3.50    0.00    0.00       -37.757     -38.393     -38.623       0.636       0.867       0.231
      3100.00    4.00    0.00    0.00       -37.736     -38.328     -38.586       0.591       0.850       0.259
      3100.00    4.50    0.00    0.00       -37.731     -38.314     -38.581       0.583       0.851       0.268
      3100.00    5.00    0.00    0.00       -37.717     -38.303     -38.572       0.586       0.855       0.269
      3100.00    5.50    0.00    0.00       -37.716     -38.316     -38.576       0.599       0.860       0.260
      3200.00    2.50    0.00    0.00       -37.798     -38.695     -38.880       0.897       1.082       0.185
      3200.00    3.00    0.00    0.00       -37.837     -38.642     -38.823       0.805       0.986       0.181
      3200.00    3.50    0.00    0.00       -37.853     -38.537     -38.753       0.684       0.900       0.216
      3200.00    4.00    0.00    0.00       -37.841     -38.462     -38.704       0.621       0.862       0.242
      3200.00    4.50    0.00    0.00       -37.827     -38.423     -38.681       0.596       0.853       0.257
      3200.00    5.00    0.00    0.00       -37.812     -38.402     -38.664       0.590       0.851       0.261
      3200.00    5.50    0.00    0.00       -37.818     -38.417     -38.672       0.599       0.854       0.255
      3300.00    2.50    0.00    0.00       -37.881     -38.810     -39.005       0.930       1.124       0.194
      3300.00    3.00    0.00    0.00       -37.916     -38.771     -38.953       0.855       1.037       0.182
      3300.00    3.50    0.00    0.00       -37.941     -38.678     -38.880       0.737       0.939       0.202
      3300.00    4.00    0.00    0.00       -37.934     -38.579     -38.814       0.646       0.881       0.235
      3300.00    4.50    0.00    0.00       -37.925     -38.535     -38.782       0.611       0.857       0.247
      3300.00    5.00    0.00    0.00       -37.918     -38.514     -38.764       0.596       0.846       0.250
      3300.00    5.50    0.00    0.00       -37.911     -38.509     -38.759       0.598       0.847       0.250
      3400.00    2.50    0.00    0.00       -37.966     -38.907     -39.111       0.941       1.145       0.204
      3400.00    3.00    0.00    0.00       -37.997     -38.884     -39.070       0.887       1.072       0.185
      3400.00    3.50    0.00    0.00       -38.028     -38.808     -39.001       0.779       0.973       0.193
      3400.00    4.00    0.00    0.00       -38.022     -38.700     -38.927       0.678       0.906       0.228
      3400.00    4.50    0.00    0.00       -38.019     -38.647     -38.887       0.629       0.868       0.240
      3400.00    5.00    0.00    0.00       -38.001     -38.603     -38.848       0.601       0.847       0.246
      3400.00    5.50    0.00    0.00       -38.012     -38.610     -38.852       0.598       0.841       0.242
      3500.00    2.50    0.00    0.00       -38.057     -38.989     -39.197       0.933       1.140       0.207
      3500.00    3.00    0.00    0.00       -38.073     -38.979     -39.168       0.906       1.096       0.190
      3500.00    3.50    0.00    0.00       -38.091     -38.912     -39.107       0.821       1.016       0.194
      3500.00    4.00    0.00    0.00       -38.106     -38.818     -39.037       0.713       0.931       0.218
      3500.00    4.50    0.00    0.00       -38.100     -38.742     -38.978       0.642       0.878       0.236
      3500.00    5.00    0.00    0.00       -38.092     -38.700     -38.940       0.608       0.848       0.240
      3500.00    5.50    0.00    0.00       -38.098     -38.695     -38.933       0.597       0.835       0.238
      3600.00    2.50    0.00    0.00       -38.134     -39.056     -39.264       0.923       1.130       0.207
      3600.00    3.00    0.00    0.00       -38.150     -39.059     -39.250       0.909       1.100       0.191
      3600.00    3.50    0.00    0.00       -38.167     -39.013     -39.203       0.846       1.036       0.189
      3600.00    4.00    0.00    0.00       -38.187     -38.934     -39.140       0.747       0.953       0.206
      3600.00    4.50    0.00    0.00       -38.186     -38.845     -39.074       0.660       0.888       0.229
      3600.00    5.00    0.00    0.00       -38.190     -38.806     -39.039       0.616       0.849       0.232
      3600.00    5.50    0.00    0.00       -38.184     -38.780     -39.014       0.597       0.831       0.234
      3700.00    2.50    0.00    0.00       -38.207     -39.112     -39.314       0.905       1.107       0.202
      3700.00    3.00    0.00    0.00       -38.179     -39.091     -39.278       0.912       1.099       0.187
      3700.00    3.50    0.00    0.00       -38.242     -39.100     -39.283       0.857       1.041       0.184
      3700.00    4.00    0.00    0.00       -38.264     -39.034     -39.228       0.770       0.964       0.195
      3700.00    4.50    0.00    0.00       -38.270     -38.948     -39.165       0.679       0.895       0.217
      3700.00    5.00    0.00    0.00       -38.277     -38.900     -39.126       0.623       0.849       0.226
      3700.00    5.50    0.00    0.00       -38.276     -38.873     -39.102       0.597       0.826       0.228
      3800.00    2.50    0.00    0.00       -38.292     -39.165     -39.360       0.873       1.068       0.195
      3800.00    3.00    0.00    0.00       -38.307     -39.179     -39.363       0.872       1.056       0.184
      3800.00    3.50    0.00    0.00       -38.321     -39.173     -39.351       0.852       1.029       0.177
      3800.00    4.00    0.00    0.00       -38.343     -39.124     -39.307       0.781       0.964       0.183
      3800.00    4.50    0.00    0.00       -38.346     -39.042     -39.245       0.696       0.899       0.203
      3800.00    5.00    0.00    0.00       -38.352     -38.980     -39.199       0.628       0.847       0.219
      3800.00    5.50    0.00    0.00       -38.353     -38.948     -39.171       0.596       0.818       0.223
      3900.00    2.50    0.00    0.00       -38.376     -39.213     -39.399       0.838       1.023       0.186
      3900.00    3.00    0.00    0.00       -38.387     -39.229     -39.406       0.842       1.019       0.177
      3900.00    3.50    0.00    0.00       -38.401     -39.234     -39.405       0.832       1.003       0.171
      3900.00    4.00    0.00    0.00       -38.415     -39.203     -39.375       0.788       0.960       0.173
      3900.00    4.50    0.00    0.00       -38.425     -39.135     -39.323       0.710       0.898       0.188
      3900.00    5.00    0.00    0.00       -38.429     -39.064     -39.271       0.635       0.842       0.207
      3900.00    5.50    0.00    0.00       -38.427     -39.019     -39.236       0.592       0.809       0.217
      4000.00    2.50    0.00    0.00       -38.459     -39.259     -39.436       0.801       0.977       0.176
      4000.00    3.00    0.00    0.00       -38.468     -39.276     -39.445       0.808       0.977       0.169
      4000.00    3.50    0.00    0.00       -38.479     -39.284     -39.448       0.805       0.969       0.164
      4000.00    4.00    0.00    0.00       -38.492     -39.273     -39.436       0.781       0.943       0.162
      4000.00    4.50    0.00    0.00       -38.504     -39.221     -39.394       0.717       0.890       0.173
      4000.00    5.00    0.00    0.00       -38.509     -39.156     -39.347       0.647       0.838       0.191
      4000.00    5.50    0.00    0.00       -38.494     -39.064     -39.279       0.569       0.785       0.215
      4100.00    2.50    0.00    0.00       -38.542     -39.303     -39.470       0.761       0.928       0.166
      4100.00    3.00    0.00    0.00       -38.557     -39.322     -39.482       0.766       0.926       0.160
      4100.00    3.50    0.00    0.00       -38.563     -39.334     -39.489       0.770       0.926       0.155
      4100.00    4.00    0.00    0.00       -38.576     -39.335     -39.489       0.759       0.913       0.153
      4100.00    4.50    0.00    0.00       -38.590     -39.306     -39.464       0.715       0.874       0.159
      4100.00    5.00    0.00    0.00       -38.589     -39.239     -39.415       0.650       0.826       0.176
      4100.00    5.50    0.00    0.00       -38.592     -39.191     -39.380       0.598       0.788       0.190
      4200.00    2.50    0.00    0.00       -38.624     -39.345     -39.502       0.722       0.879       0.157
      4200.00    3.00    0.00    0.00       -38.636     -39.363     -39.515       0.727       0.879       0.152
      4200.00    3.50    0.00    0.00       -38.641     -39.374     -39.522       0.734       0.881       0.147
      4200.00    4.00    0.00    0.00       -38.651     -39.383     -39.528       0.732       0.877       0.145
      4200.00    4.50    0.00    0.00       -38.662     -39.368     -39.516       0.706       0.854       0.148
      4200.00    5.00    0.00    0.00       -38.667     -39.321     -39.481       0.654       0.814       0.159
      4200.00    5.50    0.00    0.00       -38.670     -39.273     -39.447       0.603       0.776       0.173
      4300.00    2.50    0.00    0.00       -38.704     -39.387     -39.535       0.682       0.830       0.148
      4300.00    3.00    0.00    0.00       -38.714     -39.403     -39.547       0.689       0.833       0.144
      4300.00    3.50    0.00    0.00       -38.718     -39.414     -39.554       0.696       0.836       0.140
      4300.00    4.00    0.00    0.00       -38.725     -39.424     -39.562       0.699       0.837       0.138
      4300.00    4.50    0.00    0.00       -38.734     -39.422     -39.560       0.688       0.827       0.138
      4300.00    5.00    0.00    0.00       -38.744     -39.394     -39.539       0.649       0.795       0.145
      4300.00    5.50    0.00    0.00       -38.744     -39.343     -39.503       0.599       0.759       0.159
      4400.00    2.50    0.00    0.00       -38.780     -39.426     -39.567       0.646       0.786       0.141
      4400.00    3.00    0.00    0.00       -38.789     -39.442     -39.578       0.653       0.789       0.136
      4400.00    3.50    0.00    0.00       -38.794     -39.455     -39.587       0.661       0.793       0.132
      4400.00    4.00    0.00    0.00       -38.798     -39.462     -39.593       0.664       0.795       0.131
      4400.00    4.50    0.00    0.00       -38.805     -39.468     -39.598       0.663       0.793       0.130
      4400.00    5.00    0.00    0.00       -38.815     -39.451     -39.586       0.636       0.771       0.135
      4400.00    5.50    0.00    0.00       -38.815     -39.409     -39.555       0.594       0.740       0.146
      4500.00    2.50    0.00    0.00       -38.857     -39.464     -39.598       0.608       0.741       0.133
      4500.00    3.00    0.00    0.00       -38.861     -39.479     -39.608       0.617       0.747       0.129
      4500.00    3.50    0.00    0.00       -38.863     -39.490     -39.616       0.627       0.752       0.126
      4500.00    4.00    0.00    0.00       -38.870     -39.500     -39.624       0.630       0.754       0.124
      4500.00    4.50    0.00    0.00       -38.875     -39.506     -39.629       0.631       0.755       0.123
      4500.00    5.00    0.00    0.00       -38.882     -39.501     -39.627       0.620       0.745       0.126
      4500.00    5.50    0.00    0.00       -38.891     -39.477     -39.610       0.586       0.719       0.133
      4600.00    2.50    0.00    0.00       -38.925     -39.499     -39.627       0.574       0.702       0.127
      4600.00    3.00    0.00    0.00       -38.930     -39.514     -39.637       0.583       0.707       0.123
      4600.00    3.50    0.00    0.00       -38.931     -39.524     -39.644       0.593       0.713       0.120
      4600.00    4.00    0.00    0.00       -38.939     -39.536     -39.654       0.597       0.715       0.118
      4600.00    4.50    0.00    0.00       -38.943     -39.543     -39.660       0.601       0.717       0.116
      4600.00    5.00    0.00    0.00       -38.949     -39.545     -39.663       0.595       0.714       0.118
      4600.00    5.50    0.00    0.00       -38.957     -39.530     -39.653       0.573       0.695       0.123
      4700.00    2.50    0.00    0.00       -38.990     -39.534     -39.655       0.544       0.665       0.121
      4700.00    3.00    0.00    0.00       -38.996     -39.548     -39.665       0.552       0.669       0.117
      4700.00    3.50    0.00    0.00       -38.997     -39.557     -39.672       0.560       0.675       0.115
      4700.00    4.00    0.00    0.00       -39.004     -39.569     -39.682       0.565       0.678       0.113
      4700.00    4.50    0.00    0.00       -39.009     -39.576     -39.688       0.568       0.679       0.112
      4700.00    5.00    0.00    0.00       -39.014     -39.581     -39.693       0.567       0.679       0.112
      4700.00    5.50    0.00    0.00       -39.021     -39.575     -39.690       0.555       0.670       0.115
      4800.00    2.50    0.00    0.00       -39.054     -39.568     -39.683       0.514       0.630       0.115
      4800.00    3.00    0.00    0.00       -39.060     -39.581     -39.694       0.521       0.634       0.112
      4800.00    3.50    0.00    0.00       -39.059     -39.590     -39.699       0.531       0.640       0.109
      4800.00    4.00    0.00    0.00       -39.066     -39.601     -39.709       0.535       0.643       0.108
      4800.00    4.50    0.00    0.00       -39.071     -39.608     -39.715       0.537       0.644       0.107
      4800.00    5.00    0.00    0.00       -39.076     -39.615     -39.722       0.538       0.645       0.107
      4800.00    5.50    0.00    0.00       -39.086     -39.621     -39.728       0.535       0.642       0.107
      4900.00    2.50    0.00    0.00       -39.115     -39.601     -39.711       0.486       0.596       0.110
      4900.00    3.00    0.00    0.00       -39.120     -39.613     -39.721       0.493       0.601       0.107
      4900.00    3.50    0.00    0.00       -39.123     -39.623     -39.728       0.500       0.606       0.105
      4900.00    4.00    0.00    0.00       -39.127     -39.633     -39.736       0.506       0.609       0.103
      4900.00    4.50    0.00    0.00       -39.130     -39.640     -39.742       0.510       0.612       0.102
      4900.00    5.00    0.00    0.00       -39.136     -39.646     -39.748       0.510       0.612       0.102
      4900.00    5.50    0.00    0.00       -39.142     -39.651     -39.754       0.509       0.612       0.103
      5000.00    2.50    0.00    0.00       -39.163     -39.625     -39.730       0.461       0.566       0.105
      5000.00    3.00    0.00    0.00       -39.178     -39.646     -39.748       0.468       0.570       0.102
      5000.00    3.50    0.00    0.00       -39.180     -39.654     -39.754       0.474       0.575       0.100
      5000.00    4.00    0.00    0.00       -39.185     -39.663     -39.762       0.478       0.577       0.099
      5000.00    4.50    0.00    0.00       -39.189     -39.671     -39.769       0.482       0.580       0.098
      5000.00    5.00    0.00    0.00       -39.193     -39.677     -39.775       0.483       0.581       0.098
      5000.00    5.50    0.00    0.00       -39.198     -39.681     -39.779       0.483       0.581       0.098
      5100.00    2.50    0.00    0.00       -39.219     -39.656     -39.756       0.436       0.536       0.100
      5100.00    3.00    0.00    0.00       -39.233     -39.676     -39.774       0.443       0.541       0.098
      5100.00    3.50    0.00    0.00       -39.235     -39.685     -39.781       0.450       0.546       0.096
      5100.00    4.00    0.00    0.00       -39.241     -39.693     -39.788       0.452       0.547       0.095
      5100.00    4.50    0.00    0.00       -39.243     -39.700     -39.794       0.457       0.551       0.094
      5100.00    5.00    0.00    0.00       -39.249     -39.707     -39.801       0.458       0.552       0.094
      5100.00    5.50    0.00    0.00       -39.253     -39.715     -39.808       0.462       0.554       0.092
      5200.00    2.50    0.00    0.00       -39.282     -39.695     -39.790       0.413       0.508       0.095
      5200.00    3.00    0.00    0.00       -39.286     -39.706     -39.799       0.419       0.513       0.094
      5200.00    3.50    0.00    0.00       -39.288     -39.715     -39.806       0.427       0.518       0.092
      5200.00    4.00    0.00    0.00       -39.293     -39.723     -39.813       0.429       0.520       0.091
      5200.00    4.50    0.00    0.00       -39.296     -39.730     -39.820       0.433       0.523       0.090
      5200.00    5.00    0.00    0.00       -39.302     -39.736     -39.826       0.434       0.524       0.090
      5200.00    5.50    0.00    0.00       -39.308     -39.743     -39.832       0.435       0.525       0.089
      5300.00    2.50    0.00    0.00       -39.332     -39.722     -39.814       0.390       0.482       0.091
      5300.00    3.00    0.00    0.00       -39.337     -39.734     -39.824       0.397       0.487       0.090
      5300.00    3.50    0.00    0.00       -39.340     -39.742     -39.831       0.403       0.491       0.088
      5300.00    4.00    0.00    0.00       -39.345     -39.752     -39.839       0.407       0.494       0.087
      5300.00    4.50    0.00    0.00       -39.347     -39.758     -39.844       0.411       0.497       0.086
      5300.00    5.00    0.00    0.00       -39.352     -39.763     -39.849       0.411       0.498       0.086
      5300.00    5.50    0.00    0.00       -39.358     -39.771     -39.857       0.413       0.499       0.086
      5400.00    2.50    0.00    0.00       -39.381     -39.750     -39.838       0.369       0.457       0.088
      5400.00    3.00    0.00    0.00       -39.386     -39.762     -39.848       0.376       0.462       0.086
      5400.00    3.50    0.00    0.00       -39.389     -39.771     -39.855       0.382       0.466       0.085
      5400.00    4.00    0.00    0.00       -39.394     -39.779     -39.863       0.386       0.469       0.084
      5400.00    4.50    0.00    0.00       -39.396     -39.786     -39.868       0.390       0.472       0.083
      5400.00    5.00    0.00    0.00       -39.401     -39.791     -39.873       0.389       0.472       0.083
      5400.00    5.50    0.00    0.00       -39.408     -39.800     -39.881       0.392       0.473       0.082
      5500.00    2.50    0.00    0.00       -39.428     -39.776     -39.861       0.348       0.433       0.085
      5500.00    3.00    0.00    0.00       -39.433     -39.788     -39.871       0.355       0.438       0.083
      5500.00    3.50    0.00    0.00       -39.437     -39.798     -39.880       0.361       0.443       0.081
      5500.00    4.00    0.00    0.00       -39.441     -39.806     -39.886       0.365       0.446       0.080
      5500.00    4.50    0.00    0.00       -39.443     -39.813     -39.892       0.370       0.448       0.079
      5500.00    5.00    0.00    0.00       -39.450     -39.820     -39.899       0.369       0.448       0.079
      5500.00    5.50    0.00    0.00       -39.455     -39.826     -39.904       0.371       0.450       0.079
      5600.00    2.50    0.00    0.00       -39.474     -39.802     -39.884       0.328       0.410       0.082
      5600.00    3.00    0.00    0.00       -39.480     -39.814     -39.895       0.334       0.415       0.081
      5600.00    3.50    0.00    0.00       -39.481     -39.823     -39.902       0.341       0.420       0.079
      5600.00    4.00    0.00    0.00       -39.486     -39.832     -39.910       0.346       0.423       0.077
      5600.00    4.50    0.00    0.00       -39.489     -39.839     -39.915       0.350       0.426       0.076
      5600.00    5.00    0.00    0.00       -39.496     -39.846     -39.922       0.350       0.426       0.076
      5600.00    5.50    0.00    0.00       -39.500     -39.852     -39.927       0.352       0.427       0.075
      5700.00    2.50    0.00    0.00       -39.518     -39.826     -39.906       0.308       0.388       0.080
      5700.00    3.00    0.00    0.00       -39.524     -39.839     -39.917       0.315       0.393       0.078
      5700.00    3.50    0.00    0.00       -39.527     -39.849     -39.926       0.322       0.398       0.077
      5700.00    4.00    0.00    0.00       -39.531     -39.858     -39.932       0.327       0.401       0.075
      5700.00    4.50    0.00    0.00       -39.533     -39.865     -39.937       0.331       0.404       0.073
      5700.00    5.00    0.00    0.00       -39.540     -39.872     -39.944       0.332       0.405       0.073
      5700.00    5.50    0.00    0.00       -39.534     -39.865     -39.941       0.331       0.407       0.076
      5800.00    2.50    0.00    0.00       -39.554     -39.843     -39.921       0.289       0.367       0.078
      5800.00    3.00    0.00    0.00       -39.567     -39.863     -39.939       0.295       0.372       0.076
      5800.00    3.50    0.00    0.00       -39.570     -39.873     -39.947       0.303       0.378       0.074
      5800.00    4.00    0.00    0.00       -39.574     -39.882     -39.954       0.308       0.380       0.072
      5800.00    4.50    0.00    0.00       -39.576     -39.889     -39.959       0.314       0.383       0.070
      5800.00    5.00    0.00    0.00       -39.582     -39.897     -39.967       0.315       0.385       0.070
      5800.00    5.50    0.00    0.00       -39.587     -39.903     -39.972       0.315       0.385       0.070
      5900.00    2.50    0.00    0.00       -39.596     -39.866     -39.943       0.270       0.347       0.077
      5900.00    3.00    0.00    0.00       -39.609     -39.886     -39.961       0.277       0.352       0.075
      5900.00    3.50    0.00    0.00       -39.611     -39.897     -39.969       0.286       0.358       0.072
      5900.00    4.00    0.00    0.00       -39.615     -39.906     -39.976       0.291       0.361       0.070
      5900.00    4.50    0.00    0.00       -39.619     -39.914     -39.982       0.295       0.364       0.068
      5900.00    5.00    0.00    0.00       -39.623     -39.921     -39.988       0.298       0.365       0.068
      5900.00    5.50    0.00    0.00       -39.629     -39.928     -39.995       0.299       0.366       0.066
      6000.00    2.50    0.00    0.00       -39.635     -39.891     -39.966       0.255       0.330       0.075
      6000.00    3.00    0.00    0.00       -39.643     -39.906     -39.979       0.263       0.336       0.073
      6000.00    3.50    0.00    0.00       -39.651     -39.920     -39.990       0.269       0.339       0.071
      6000.00    4.00    0.00    0.00       -39.653     -39.928     -39.996       0.275       0.343       0.068
      6000.00    4.50    0.00    0.00       -39.657     -39.935     -40.003       0.279       0.346       0.067
      6000.00    5.00    0.00    0.00       -39.661     -39.943     -40.008       0.282       0.348       0.066
      6000.00    5.50    0.00    0.00       -39.666     -39.950     -40.015       0.283       0.348       0.065
      6100.00    2.50    0.00    0.00       -39.674     -39.912     -39.985       0.238       0.311       0.073
      6100.00    3.00    0.00    0.00       -39.682     -39.928     -39.999       0.245       0.317       0.072
      6100.00    3.50    0.00    0.00       -39.690     -39.942     -40.011       0.252       0.321       0.069
      6100.00    4.00    0.00    0.00       -39.692     -39.950     -40.017       0.259       0.325       0.066
      6100.00    4.50    0.00    0.00       -39.694     -39.958     -40.023       0.264       0.328       0.065
      6100.00    5.00    0.00    0.00       -39.699     -39.965     -40.029       0.266       0.330       0.064
      6100.00    5.50    0.00    0.00       -39.704     -39.972     -40.035       0.268       0.331       0.063
      6200.00    2.50    0.00    0.00       -39.711     -39.932     -40.003       0.221       0.293       0.071
      6200.00    3.00    0.00    0.00       -39.720     -39.948     -40.018       0.229       0.299       0.070
      6200.00    3.50    0.00    0.00       -39.726     -39.963     -40.031       0.237       0.305       0.067
      6200.00    4.00    0.00    0.00       -39.729     -39.972     -40.037       0.243       0.308       0.065
      6200.00    4.50    0.00    0.00       -39.733     -39.981     -40.044       0.248       0.311       0.063
      6200.00    5.00    0.00    0.00       -39.736     -39.988     -40.049       0.252       0.313       0.061
      6200.00    5.50    0.00    0.00       -39.741     -39.994     -40.055       0.254       0.314       0.061
      6300.00    2.50    0.00    0.00       -39.746     -39.952     -40.022       0.206       0.276       0.070
      6300.00    3.00    0.00    0.00       -39.756     -39.968     -40.037       0.213       0.281       0.069
      6300.00    3.50    0.00    0.00       -39.761     -39.983     -40.049       0.222       0.288       0.066
      6300.00    4.00    0.00    0.00       -39.765     -39.994     -40.057       0.228       0.291       0.063
      6300.00    4.50    0.00    0.00       -39.768     -40.002     -40.063       0.234       0.295       0.061
      6300.00    5.00    0.00    0.00       -39.772     -40.010     -40.070       0.238       0.297       0.059
      6300.00    5.50    0.00    0.00       -39.777     -40.017     -40.075       0.240       0.299       0.059
      6400.00    2.50    0.00    0.00       -39.781     -39.971     -40.040       0.191       0.260       0.069
      6400.00    3.00    0.00    0.00       -39.791     -39.989     -40.057       0.197       0.265       0.068
      6400.00    3.50    0.00    0.00       -39.796     -40.002     -40.067       0.206       0.271       0.065
      6400.00    4.00    0.00    0.00       -39.800     -40.014     -40.076       0.214       0.276       0.062
      6400.00    4.50    0.00    0.00       -39.804     -40.024     -40.084       0.220       0.279       0.060
      6400.00    5.00    0.00    0.00       -39.807     -40.032     -40.089       0.224       0.282       0.058
      6400.00    5.50    0.00    0.00       -39.811     -40.039     -40.095       0.228       0.284       0.056
      6500.00    2.50    0.00    0.00       -39.814     -39.988     -40.057       0.174       0.243       0.069
      6500.00    3.00    0.00    0.00       -39.825     -40.007     -40.074       0.182       0.249       0.067
      6500.00    3.50    0.00    0.00       -39.829     -40.021     -40.085       0.191       0.256       0.064
      6500.00    4.00    0.00    0.00       -39.835     -40.034     -40.095       0.199       0.260       0.061
      6500.00    4.50    0.00    0.00       -39.837     -40.043     -40.102       0.206       0.264       0.058
      6500.00    5.00    0.00    0.00       -39.841     -40.053     -40.108       0.212       0.267       0.056
      6500.00    5.50    0.00    0.00       -39.845     -40.061     -40.115       0.216       0.269       0.054
      6600.00    2.50    0.00    0.00       -39.847     -40.011     -40.079       0.165       0.232       0.068
      6600.00    3.00    0.00    0.00       -39.857     -40.026     -40.091       0.169       0.234       0.066
      6600.00    3.50    0.00    0.00       -39.863     -40.039     -40.103       0.176       0.240       0.064
      6600.00    4.00    0.00    0.00       -39.868     -40.053     -40.113       0.185       0.245       0.060
      6600.00    4.50    0.00    0.00       -39.871     -40.063     -40.120       0.192       0.249       0.057
      6600.00    5.00    0.00    0.00       -39.874     -40.073     -40.127       0.199       0.253       0.054
      6600.00    5.50    0.00    0.00       -39.878     -40.082     -40.134       0.204       0.256       0.052
      6700.00    2.50    0.00    0.00       -39.882     -40.035     -40.102       0.153       0.219       0.067
      6700.00    3.00    0.00    0.00       -39.889     -40.043     -40.108       0.155       0.220       0.065
      6700.00    3.50    0.00    0.00       -39.896     -40.057     -40.121       0.161       0.225       0.064
      6700.00    4.00    0.00    0.00       -39.900     -40.072     -40.131       0.172       0.231       0.059
      6700.00    4.50    0.00    0.00       -39.902     -40.081     -40.137       0.180       0.235       0.056
      6700.00    5.00    0.00    0.00       -39.906     -40.093     -40.146       0.187       0.240       0.053
      6700.00    5.50    0.00    0.00       -39.910     -40.102     -40.152       0.192       0.242       0.050
      6800.00    2.50    0.00    0.00       -39.918     -40.058     -40.123       0.140       0.205       0.065
      6800.00    3.00    0.00    0.00       -39.918     -40.060     -40.124       0.141       0.205       0.064
      6800.00    3.50    0.00    0.00       -39.928     -40.075     -40.138       0.148       0.210       0.063
      6800.00    4.00    0.00    0.00       -39.931     -40.090     -40.148       0.158       0.217       0.059
      6800.00    4.50    0.00    0.00       -39.933     -40.101     -40.155       0.167       0.222       0.054
      6800.00    5.00    0.00    0.00       -39.937     -40.111     -40.163       0.174       0.226       0.052
      6800.00    5.50    0.00    0.00       -39.941     -40.122     -40.171       0.181       0.230       0.049
      6900.00    2.50    0.00    0.00       -39.940     -40.066     -40.129       0.125       0.189       0.064
      6900.00    3.00    0.00    0.00       -39.947     -40.077     -40.142       0.130       0.195       0.064
      6900.00    3.50    0.00    0.00       -39.958     -40.093     -40.154       0.135       0.197       0.062
      6900.00    4.00    0.00    0.00       -39.962     -40.107     -40.165       0.145       0.203       0.058
      6900.00    4.50    0.00    0.00       -39.963     -40.118     -40.172       0.154       0.208       0.054
      6900.00    5.00    0.00    0.00       -39.967     -40.130     -40.180       0.163       0.213       0.050
      6900.00    5.50    0.00    0.00       -39.971     -40.140     -40.188       0.169       0.217       0.048
      7000.00    2.50    0.00    0.00       -39.968     -40.081     -40.144       0.113       0.176       0.063
      7000.00    3.00    0.00    0.00       -39.975     -40.093     -40.157       0.118       0.182       0.064
      7000.00    3.50    0.00    0.00       -39.986     -40.109     -40.170       0.123       0.184       0.061
      7000.00    4.00    0.00    0.00       -39.991     -40.122     -40.180       0.131       0.189       0.058
      7000.00    4.50    0.00    0.00       -39.994     -40.135     -40.189       0.141       0.195       0.054
      7000.00    5.00    0.00    0.00       -39.997     -40.148     -40.197       0.151       0.200       0.049
      7000.00    5.50    0.00    0.00       -40.000     -40.159     -40.205       0.159       0.205       0.046
