!  STARS, BROWN DWARFS, AND GAS GIANT PLANETS COLORS
!  
!  E(B-V) =     0.000
!     A_V =     0.000
!
!  "MAGNITUDES" m AT THE STELLAR SURFACE
!  (distance modulus factor not included)
!
!  ABSOLUTE MAGNITUDES: M_m = m - 5logR(pc) + 5
!
! Type of calibration used: Vega
! Using recent Calspec Alpha Lyrea STIS spectrum:
! ftp://ftp.stsci.edu/cdbs/current_calspec/
!
! Unless mentioned otherwise below, we calculate:
! Pogson magnitudes resulting from photon count integration (caracteristic of CCDs)
!
! Colours on the Johnson system : 
!
!        Teff    Logg   [M/H]   [a/H]             U           B           V           R           i       (R-I)       (I-J)       (J-K)       (K-L)      (K-LL)       (K-M)       (K-N)
      5777.00    4.44    0.00    0.00       -37.695     -37.841     -38.457     -38.904     -39.208     -39.208       0.304       0.354       0.371       0.023       0.022       0.003       0.042
      1200.00    2.50    0.00    0.00       -15.869     -20.315     -21.012     -26.893     -29.865     -29.865       2.972       2.223       2.651       1.478       1.372       1.336       2.705
      1200.00    3.00    0.00    0.00       -16.593     -20.975     -20.334     -27.007     -30.353     -30.353       3.346       2.187       2.287       1.485       1.342       1.232       2.635
      1200.00    3.50    0.00    0.00       -16.993     -21.431     -19.401     -26.912     -30.765     -30.765       3.853       2.179       1.693       1.498       1.271       1.334       2.755
      1200.00    4.00    0.00    0.00       -17.069     -21.523     -19.213     -26.820     -30.865     -30.865       4.045       2.187       1.578       1.414       1.135       1.444       2.790
      1200.00    4.50    0.00    0.00       -18.646     -22.331     -19.639     -26.970     -30.852     -30.852       3.882       2.132       1.664       1.300       0.963       1.435       2.767
      1200.00    5.00    0.00    0.00       -17.266     -21.576     -18.652     -26.480     -31.033     -31.033       4.553       2.347       0.952       1.402       1.021       1.748       2.983
      1200.00    5.50    0.00    0.00       -17.501     -21.930     -18.189     -26.240     -31.180     -31.180       4.940       2.412       0.527       1.485       1.068       1.957       3.103
      1300.00    2.50    0.00    0.00       -16.413     -20.869     -22.722     -27.488     -30.174     -30.174       2.686       2.303       2.582       1.316       1.238       1.323       2.549
      1300.00    3.00    0.00    0.00       -16.718     -21.455     -21.949     -27.709     -30.889     -30.889       3.180       2.204       2.076       1.379       1.275       1.251       2.490
      1300.00    3.50    0.00    0.00       -17.464     -21.730     -21.524     -27.755     -30.935     -30.935       3.180       2.147       2.175       1.330       1.192       1.175       2.394
      1300.00    4.00    0.00    0.00       -17.802     -22.026     -20.773     -27.597     -31.133     -31.133       3.536       2.130       1.860       1.275       1.070       1.174       2.448
      1300.00    4.50    0.00    0.00       -18.658     -22.488     -21.152     -27.838     -31.238     -31.238       3.399       2.094       1.845       1.155       0.919       1.120       2.393
      1300.00    5.00    0.00    0.00       -18.515     -22.631     -20.474     -27.624     -31.470     -31.470       3.846       2.087       1.360       1.138       0.759       1.154       2.489
      1300.00    5.50    0.00    0.00       -18.293     -22.695     -19.732     -27.130     -31.534     -31.534       4.405       2.209       1.005       1.284       0.925       1.580       2.694
      1400.00    3.00    0.00    0.00       -17.988     -22.436     -23.548     -28.471     -31.492     -31.492       3.021       2.249       1.790       1.235       1.137       1.214       2.271
      1400.00    3.50    0.00    0.00       -18.348     -22.638     -23.329     -28.580     -31.539     -31.539       2.960       2.198       1.861       1.234       1.138       1.008       2.185
      1400.00    4.00    0.00    0.00       -18.672     -22.651     -23.156     -28.567     -31.379     -31.379       2.813       2.106       2.142       1.060       0.910       1.041       2.154
      1400.00    4.50    0.00    0.00       -18.944     -22.862     -22.415     -28.410     -31.511     -31.511       3.101       2.087       1.985       1.122       0.969       1.057       2.177
      1400.00    5.00    0.00    0.00       -19.236     -23.071     -22.402     -28.487     -31.635     -31.635       3.148       2.094       1.827       0.978       0.752       0.843       2.098
      1400.00    5.50    0.00    0.00       -18.947     -23.304     -21.110     -27.891     -31.850     -31.850       3.959       2.126       1.289       1.127       0.836       1.286       2.356
      1500.00    2.50    0.00    0.00       -18.917     -22.327     -25.088     -28.293     -30.892     -30.892       2.599       2.525       2.108       1.210       1.131       1.591       2.413
      1500.00    3.00    0.00    0.00       -16.935     -21.116     -24.380     -27.802     -30.239     -30.239       2.437       2.680       2.670       1.363       1.284       1.871       2.619
      1500.00    3.50    0.00    0.00       -16.820     -21.073     -24.410     -27.812     -30.177     -30.177       2.366       2.671       2.852       1.476       1.403       1.949       2.583
      1500.00    4.00    0.00    0.00       -18.975     -22.912     -25.365     -28.994     -31.289     -31.289       2.294       2.287       2.452       1.318       1.230       1.381       2.161
      1500.00    4.50    0.00    0.00       -19.317     -23.212     -25.085     -29.164     -31.538     -31.538       2.375       2.210       2.271       1.174       1.098       1.146       2.071
      1500.00    5.00    0.00    0.00       -19.693     -23.506     -23.768     -28.996     -31.761     -31.761       2.764       2.126       2.014       1.007       0.883       0.873       1.977
      1500.00    5.50    0.00    0.00       -19.926     -23.834     -23.199     -28.908     -31.943     -31.943       3.036       2.098       1.874       0.957       0.800       0.959       1.957
      1550.00    5.00    0.00    0.00       -19.568     -23.385     -24.874     -29.228     -31.685     -31.685       2.456       2.198       2.200       1.200       1.104       1.073       1.996
      1550.00    5.50    0.00    0.00       -20.071     -23.915     -24.112     -29.224     -31.960     -31.960       2.736       2.121       1.999       0.993       0.882       0.966       1.909
      1600.00    2.50    0.00    0.00       -20.089     -23.236     -25.763     -28.940     -31.734     -31.734       2.794       2.470       1.721       1.038       0.950       1.289       2.057
      1600.00    3.00    0.00    0.00       -17.617     -21.472     -24.472     -27.907     -30.530     -30.530       2.623       2.692       2.574       1.375       1.289       1.753       2.423
      1600.00    3.50    0.00    0.00       -16.185     -20.573     -24.021     -27.603     -30.121     -30.121       2.518       2.874       3.046       1.326       1.249       1.669       2.254
      1600.00    4.00    0.00    0.00       -19.299     -23.152     -25.676     -29.149     -31.508     -31.508       2.359       2.367       2.351       1.256       1.171       1.310       2.019
      1600.00    4.50    0.00    0.00       -19.520     -23.433     -25.587     -29.334     -31.660     -31.660       2.326       2.291       2.332       1.216       1.126       1.085       1.893
      1600.00    5.00    0.00    0.00       -19.777     -23.584     -25.266     -29.379     -31.740     -31.740       2.361       2.187       2.254       1.217       1.129       1.089       1.954
      1600.00    5.50    0.00    0.00       -20.115     -24.011     -24.684     -29.405     -32.015     -32.015       2.610       2.144       2.032       1.043       0.962       1.023       1.895
      1650.00    5.00    0.00    0.00       -19.946     -23.767     -25.545     -29.526     -31.880     -31.880       2.354       2.236       2.277       1.208       1.114       0.974       1.787
      1650.00    5.50    0.00    0.00       -20.193     -24.164     -24.696     -29.499     -32.208     -32.208       2.709       2.148       1.873       1.019       0.908       0.902       1.824
      1700.00    2.50    0.00    0.00       -15.787     -19.604     -22.859     -26.950     -30.202     -30.202       3.253       3.142       2.569       1.173       1.091       1.518       2.109
      1700.00    3.00    0.00    0.00       -17.121     -20.939     -23.899     -27.630     -30.712     -30.712       3.082       3.111       2.519       1.050       0.968       1.336       1.904
      1700.00    3.50    0.00    0.00       -16.096     -20.716     -24.159     -27.833     -30.694     -30.694       2.861       3.174       2.536       1.066       0.986       1.342       1.905
      1700.00    4.00    0.00    0.00       -18.973     -22.960     -25.803     -29.087     -31.587     -31.587       2.500       2.698       2.270       1.001       0.921       1.116       1.751
      1700.00    4.50    0.00    0.00       -19.679     -23.639     -25.792     -29.482     -31.936     -31.936       2.454       2.437       2.118       1.076       0.989       0.943       1.715
      1700.00    5.00    0.00    0.00       -20.061     -23.923     -25.763     -29.657     -32.055     -32.055       2.398       2.293       2.183       1.116       1.027       0.901       1.680
      1700.00    5.50    0.00    0.00       -20.646     -24.793     -25.425     -29.987     -32.606     -32.606       2.619       2.021       1.782       0.981       0.898       0.864       1.722
      1750.00    5.00    0.00    0.00       -20.090     -23.965     -25.922     -29.743     -32.183     -32.183       2.439       2.366       2.064       1.057       0.971       0.873       1.621
      1750.00    5.50    0.00    0.00       -20.756     -25.028     -25.683     -30.176     -32.825     -32.825       2.649       2.023       1.659       0.987       0.897       0.794       1.643
      1800.00    2.50    0.00    0.00       -20.443     -22.533     -24.896     -28.379     -31.454     -31.454       3.075       2.611       1.927       1.061       0.973       1.371       1.948
      1800.00    3.00    0.00    0.00       -19.557     -22.373     -24.786     -28.339     -31.383     -31.383       3.044       2.805       2.234       1.007       0.921       1.256       1.823
      1800.00    3.50    0.00    0.00       -18.488     -22.670     -25.443     -29.037     -32.022     -32.022       2.984       2.691       1.900       0.928       0.848       1.160       1.712
      1800.00    4.00    0.00    0.00       -19.688     -23.739     -26.252     -29.595     -32.336     -32.336       2.741       2.565       1.776       0.907       0.822       0.960       1.613
      1800.00    4.50    0.00    0.00       -19.693     -23.811     -26.232     -29.630     -32.266     -32.266       2.636       2.550       1.860       0.959       0.878       0.984       1.632
      1800.00    5.00    0.00    0.00       -20.291     -24.234     -26.173     -29.930     -32.462     -32.462       2.532       2.408       1.856       0.975       0.891       0.810       1.532
      1800.00    5.50    0.00    0.00       -20.797     -25.105     -25.792     -30.286     -33.050     -33.050       2.764       2.072       1.429       0.969       0.881       0.778       1.613
      1850.00    5.00    0.00    0.00       -20.227     -24.217     -26.183     -29.975     -32.635     -32.635       2.661       2.466       1.657       0.931       0.843       0.727       1.483
      1850.00    5.50    0.00    0.00       -20.931     -25.347     -25.960     -30.450     -33.279     -33.279       2.829       2.098       1.274       0.963       0.867       0.697       1.523
      1900.00    2.50    0.00    0.00       -20.419     -21.764     -23.936     -28.018     -31.466     -31.466       3.449       2.889       1.921       0.882       0.793       1.149       1.700
      1900.00    3.00    0.00    0.00       -20.484     -22.865     -25.215     -28.978     -32.251     -32.251       3.273       2.723       1.680       0.853       0.767       1.070       1.621
      1900.00    3.50    0.00    0.00       -20.152     -23.561     -25.903     -29.531     -32.643     -32.643       3.113       2.588       1.558       0.822       0.734       0.980       1.536
      1900.00    4.00    0.00    0.00       -19.816     -23.668     -26.240     -29.648     -32.616     -32.616       2.968       2.613       1.620       0.845       0.764       0.988       1.532
      1900.00    4.50    0.00    0.00       -19.950     -23.961     -26.478     -29.905     -32.760     -32.760       2.856       2.595       1.495       0.854       0.771       0.856       1.482
      1900.00    5.00    0.00    0.00       -20.246     -24.297     -26.262     -30.041     -32.857     -32.857       2.816       2.543       1.415       0.896       0.808       0.705       1.442
      1900.00    5.50    0.00    0.00       -20.980     -25.369     -26.065     -30.500     -33.336     -33.336       2.835       2.108       1.219       0.950       0.856       0.690       1.517
      1950.00    5.00    0.00    0.00       -20.401     -24.439     -26.530     -30.205     -33.016     -33.016       2.811       2.479       1.419       0.858       0.773       0.701       1.388
      1950.00    5.50    0.00    0.00       -21.101     -25.451     -26.207     -30.615     -33.521     -33.521       2.906       2.131       1.098       0.923       0.829       0.652       1.452
      2000.00    2.50    0.00    0.00       -24.930     -25.102     -26.533     -30.156     -33.325     -33.325       3.169       2.389       1.247       0.719       0.627       0.924       1.442
      2000.00    3.00    0.00    0.00       -22.108     -24.021     -26.099     -29.868     -33.048     -33.048       3.181       2.493       1.402       0.752       0.662       0.909       1.449
      2000.00    3.50    0.00    0.00       -20.235     -23.187     -25.669     -29.705     -32.970     -32.970       3.266       2.558       1.441       0.764       0.676       0.898       1.428
      2000.00    4.00    0.00    0.00       -20.226     -23.810     -26.381     -30.140     -33.299     -33.299       3.159       2.402       1.310       0.754       0.666       0.801       1.367
      2000.00    4.50    0.00    0.00       -20.146     -24.068     -26.603     -30.282     -33.428     -33.428       3.146       2.363       1.219       0.777       0.692       0.759       1.354
      2000.00    5.00    0.00    0.00       -20.353     -24.238     -26.456     -30.196     -32.987     -32.987       2.791       2.481       1.451       0.857       0.773       0.704       1.386
      2000.00    5.50    0.00    0.00       -21.029     -25.136     -26.344     -30.773     -33.679     -33.679       2.906       2.111       1.054       0.900       0.813       0.651       1.406
      2050.00    2.50    0.00    0.00       -25.360     -25.401     -26.399     -30.227     -33.441     -33.441       3.213       2.384       1.240       0.690       0.599       0.882       1.377
      2050.00    3.00    0.00    0.00       -24.343     -25.185     -26.669     -30.331     -33.462     -33.462       3.131       2.361       1.252       0.693       0.603       0.839       1.353
      2050.00    3.50    0.00    0.00       -21.378     -23.934     -26.173     -30.138     -33.313     -33.313       3.174       2.429       1.332       0.721       0.634       0.848       1.358
      2050.00    4.00    0.00    0.00       -21.062     -24.479     -26.688     -30.391     -33.455     -33.455       3.064       2.360       1.261       0.721       0.634       0.752       1.313
      2050.00    4.50    0.00    0.00       -20.421     -24.525     -26.861     -30.496     -33.503     -33.503       3.007       2.343       1.199       0.757       0.671       0.737       1.327
      2050.00    5.00    0.00    0.00       -20.751     -24.834     -26.936     -30.651     -33.598     -33.598       2.947       2.327       1.133       0.785       0.700       0.632       1.284
      2100.00    2.50    0.00    0.00       -25.847     -25.791     -26.659     -30.430     -33.590     -33.590       3.160       2.332       1.190       0.673       0.582       0.863       1.347
      2100.00    3.00    0.00    0.00       -24.247     -25.024     -26.483     -30.331     -33.477     -33.477       3.146       2.360       1.272       0.692       0.605       0.851       1.346
      2100.00    3.50    0.00    0.00       -22.885     -24.944     -26.871     -30.587     -33.635     -33.635       3.048       2.284       1.214       0.689       0.604       0.814       1.313
      2100.00    4.00    0.00    0.00       -21.969     -25.180     -27.165     -30.757     -33.746     -33.746       2.988       2.234       1.144       0.695       0.608       0.720       1.275
      2100.00    4.50    0.00    0.00       -20.552     -24.290     -26.775     -30.652     -33.791     -33.791       3.139       2.228       1.148       0.711       0.626       0.691       1.243
      2100.00    5.00    0.00    0.00       -20.814     -24.803     -26.945     -30.804     -33.764     -33.764       2.960       2.254       1.066       0.768       0.684       0.611       1.259
      2100.00    5.50    0.00    0.00       -21.117     -25.583     -26.514     -30.940     -34.014     -34.014       3.075       2.113       0.816       0.855       0.758       0.525       1.293
      2150.00    2.50    0.00    0.00       -26.188     -26.163     -26.672     -30.563     -33.709     -33.709       3.146       2.306       1.199       0.648       0.560       0.842       1.289
      2150.00    3.00    0.00    0.00       -25.310     -25.804     -26.821     -30.665     -33.757     -33.757       3.093       2.269       1.208       0.648       0.562       0.801       1.264
      2150.00    3.50    0.00    0.00       -24.210     -25.643     -27.176     -30.895     -33.890     -33.890       2.995       2.193       1.160       0.648       0.564       0.760       1.238
      2150.00    4.00    0.00    0.00       -22.724     -25.350     -27.213     -30.960     -33.946     -33.946       2.986       2.182       1.124       0.653       0.569       0.694       1.201
      2150.00    4.50    0.00    0.00       -21.238     -25.002     -27.153     -30.891     -33.880     -33.880       2.989       2.213       1.138       0.682       0.599       0.662       1.200
      2150.00    5.00    0.00    0.00       -20.878     -25.045     -27.230     -30.942     -33.882     -33.882       2.940       2.209       1.091       0.731       0.648       0.610       1.210
      2200.00    2.50    0.00    0.00       -26.734     -26.655     -27.070     -30.906     -33.970     -33.970       3.064       2.206       1.102       0.622       0.536       0.816       1.245
      2200.00    3.00    0.00    0.00       -25.874     -26.283     -27.214     -30.995     -33.992     -33.992       2.998       2.172       1.131       0.629       0.546       0.792       1.233
      2200.00    3.50    0.00    0.00       -24.631     -26.027     -27.458     -31.110     -34.040     -34.040       2.930       2.137       1.125       0.632       0.550       0.752       1.209
      2200.00    4.00    0.00    0.00       -23.501     -25.831     -27.534     -31.170     -34.093     -34.093       2.924       2.120       1.087       0.635       0.553       0.683       1.174
      2200.00    4.50    0.00    0.00       -20.836     -24.476     -26.958     -31.015     -34.088     -34.088       3.073       2.117       1.094       0.662       0.581       0.667       1.168
      2200.00    5.00    0.00    0.00       -20.643     -24.650     -27.155     -31.043     -34.023     -34.023       2.980       2.180       1.082       0.691       0.610       0.618       1.159
      2200.00    5.50    0.00    0.00       -21.194     -25.376     -26.784     -31.091     -34.008     -34.008       2.918       2.042       0.974       0.834       0.748       0.555       1.274
      2250.00    2.50    0.00    0.00       -27.204     -27.144     -27.400     -31.207     -34.187     -34.187       2.980       2.129       1.061       0.597       0.514       0.792       1.190
      2250.00    3.00    0.00    0.00       -26.700     -27.011     -27.642     -31.380     -34.286     -34.286       2.906       2.061       1.065       0.588       0.508       0.757       1.160
      2250.00    3.50    0.00    0.00       -25.578     -26.618     -27.769     -31.442     -34.299     -34.299       2.858       2.045       1.077       0.594       0.516       0.725       1.143
      2250.00    4.00    0.00    0.00       -24.303     -26.369     -27.844     -31.480     -34.343     -34.343       2.863       2.024       1.035       0.597       0.515       0.638       1.104
      2250.00    4.50    0.00    0.00       -22.507     -25.933     -27.791     -31.438     -34.318     -34.318       2.880       2.038       1.014       0.624       0.543       0.624       1.113
      2250.00    5.00    0.00    0.00       -21.145     -25.323     -27.543     -31.299     -34.212     -34.212       2.913       2.100       1.048       0.662       0.582       0.591       1.113
      2300.00    2.50    0.00    0.00       -27.946     -27.773     -27.931     -31.564     -34.430     -34.430       2.865       2.034       0.988       0.573       0.495       0.773       1.151
      2300.00    3.00    0.00    0.00       -27.330     -27.526     -28.049     -31.643     -34.466     -34.466       2.823       1.990       1.012       0.571       0.493       0.745       1.131
      2300.00    3.50    0.00    0.00       -26.121     -27.045     -28.128     -31.658     -34.438     -34.438       2.780       1.986       1.043       0.582       0.506       0.723       1.124
      2300.00    4.00    0.00    0.00       -24.904     -26.689     -28.070     -31.652     -34.452     -34.452       2.800       1.983       1.027       0.583       0.505       0.648       1.086
      2300.00    4.50    0.00    0.00       -23.702     -26.389     -28.088     -31.885     -34.719     -34.719       2.834       1.852       0.903       0.582       0.503       0.580       1.041
      2300.00    5.00    0.00    0.00       -26.125     -26.012     -27.965     -31.670     -34.507     -34.507       2.837       1.965       0.948       0.630       0.553       0.560       1.069
      2300.00    5.50    0.00    0.00       -21.817     -26.022     -27.622     -31.835     -34.861     -34.861       3.026       1.788       0.684       0.699       0.618       0.405       1.050
      2350.00    2.50    0.00    0.00       -27.615     -27.651     -27.820     -31.607     -34.472     -34.472       2.865       2.024       1.009       0.561       0.482       0.753       1.111
      2350.00    3.00    0.00    0.00       -27.750     -27.986     -28.372     -31.914     -34.661     -34.661       2.748       1.920       0.988       0.542       0.466       0.712       1.070
      2350.00    3.50    0.00    0.00       -26.796     -27.594     -28.426     -31.949     -34.664     -34.664       2.715       1.904       1.007       0.547       0.473       0.687       1.057
      2350.00    4.00    0.00    0.00       -25.791     -27.306     -28.462     -31.974     -34.689     -34.689       2.715       1.891       0.990       0.549       0.473       0.626       1.026
      2350.00    4.50    0.00    0.00       -24.180     -26.874     -28.379     -31.940     -34.672     -34.672       2.732       1.893       0.986       0.564       0.489       0.581       1.012
      2350.00    5.00    0.00    0.00       -22.747     -26.637     -28.331     -31.927     -34.720     -34.720       2.793       1.888       0.894       0.592       0.512       0.503       0.997
      2400.00    2.50    0.00    0.00       -28.588     -28.499     -28.467     -31.993     -34.746     -34.746       2.753       1.922       0.926       0.526       0.449       0.715       1.058
      2400.00    3.00    0.00    0.00       -28.067     -28.288     -28.664     -32.103     -34.781     -34.781       2.679       1.869       0.963       0.531       0.458       0.705       1.049
      2400.00    3.50    0.00    0.00       -27.390     -28.066     -28.854     -32.201     -34.813     -34.813       2.612       1.835       0.983       0.537       0.467       0.692       1.040
      2400.00    4.00    0.00    0.00       -26.344     -27.704     -28.783     -32.177     -34.816     -34.816       2.640       1.836       0.971       0.536       0.463       0.628       1.007
      2400.00    4.50    0.00    0.00       -24.910     -27.064     -28.564     -32.259     -34.948     -34.948       2.689       1.772       0.889       0.544       0.471       0.572       0.984
      2400.00    5.00    0.00    0.00       -23.478     -26.685     -28.460     -32.131     -34.837     -34.837       2.706       1.830       0.909       0.570       0.495       0.510       0.970
      2400.00    5.50    0.00    0.00       -22.688     -26.622     -28.283     -32.152     -34.895     -34.895       2.743       1.804       0.828       0.616       0.540       0.373       0.940
      2500.00    2.50    0.00    0.00       -29.187     -29.158     -29.063     -32.418     -35.046     -35.046       2.627       1.825       0.868       0.477       0.403       0.659       0.967
      2500.00    3.00    0.00    0.00       -28.825     -29.063     -29.391     -32.598     -35.105     -35.105       2.507       1.743       0.917       0.494       0.426       0.675       0.976
      2500.00    3.50    0.00    0.00       -28.271     -28.875     -29.529     -32.673     -35.132     -35.132       2.459       1.707       0.939       0.497       0.432       0.655       0.964
      2500.00    4.00    0.00    0.00       -27.516     -28.597     -29.458     -32.651     -35.135     -35.135       2.484       1.700       0.937       0.495       0.427       0.603       0.933
      2500.00    4.50    0.00    0.00       -26.384     -28.237     -29.408     -32.639     -35.136     -35.136       2.497       1.704       0.921       0.502       0.435       0.558       0.916
      2500.00    5.00    0.00    0.00       -24.976     -27.562     -29.089     -32.604     -35.155     -35.155       2.551       1.701       0.885       0.515       0.446       0.493       0.891
      2500.00    5.50    0.00    0.00       -23.973     -27.697     -29.240     -32.595     -35.164     -35.164       2.569       1.696       0.847       0.550       0.480       0.400       0.869
      2600.00    2.50    0.00    0.00       -29.600     -29.662     -29.578     -32.777     -35.292     -35.292       2.515       1.750       0.842       0.421       0.348       0.597       0.871
      2600.00    3.00    0.00    0.00       -29.413     -29.700     -29.972     -32.998     -35.383     -35.383       2.386       1.642       0.873       0.451       0.386       0.625       0.895
      2600.00    3.50    0.00    0.00       -28.993     -29.589     -30.182     -33.105     -35.418     -35.418       2.313       1.592       0.904       0.460       0.399       0.622       0.894
      2600.00    4.00    0.00    0.00       -28.376     -29.353     -30.183     -33.116     -35.424     -35.424       2.308       1.580       0.911       0.462       0.402       0.594       0.879
      2600.00    4.50    0.00    0.00       -27.358     -28.773     -29.862     -33.158     -35.494     -35.494       2.336       1.548       0.867       0.463       0.402       0.545       0.852
      2600.00    5.00    0.00    0.00       -26.270     -28.398     -29.734     -33.048     -35.432     -35.432       2.385       1.583       0.878       0.472       0.410       0.488       0.829
      2600.00    5.50    0.00    0.00       -25.100     -27.998     -29.577     -32.980     -35.428     -35.428       2.448       1.594       0.847       0.495       0.431       0.434       0.815
      2700.00    2.50    0.00    0.00       -29.950     -30.091     -30.063     -33.095     -35.503     -35.503       2.408       1.687       0.841       0.358       0.287       0.528       0.775
      2700.00    3.00    0.00    0.00       -29.921     -30.288     -30.564     -33.389     -35.649     -35.649       2.260       1.549       0.845       0.402       0.339       0.571       0.808
      2700.00    3.50    0.00    0.00       -29.589     -30.206     -30.809     -33.506     -35.679     -35.679       2.173       1.492       0.873       0.425       0.368       0.589       0.830
      2700.00    4.00    0.00    0.00       -29.105     -30.031     -30.837     -33.527     -35.688     -35.688       2.160       1.472       0.885       0.429       0.373       0.569       0.820
      2700.00    4.50    0.00    0.00       -28.720     -30.048     -31.038     -33.667     -35.781     -35.781       2.114       1.427       0.881       0.420       0.366       0.528       0.782
      2700.00    5.00    0.00    0.00       -27.470     -29.483     -30.679     -33.492     -35.693     -35.693       2.201       1.469       0.870       0.437       0.380       0.486       0.780
      2700.00    5.50    0.00    0.00       -26.371     -28.817     -30.286     -33.550     -35.816     -35.816       2.266       1.420       0.785       0.449       0.392       0.437       0.761
      2800.00    2.50    0.00    0.00       -30.215     -30.479     -30.574     -33.417     -35.702     -35.702       2.286       1.619       0.863       0.297       0.229       0.453       0.674
      2800.00    3.00    0.00    0.00       -30.281     -30.700     -31.014     -33.683     -35.847     -35.847       2.163       1.489       0.833       0.353       0.292       0.515       0.728
      2800.00    3.50    0.00    0.00       -30.105     -30.757     -31.363     -33.862     -35.916     -35.916       2.054       1.406       0.849       0.386       0.332       0.547       0.760
      2800.00    4.00    0.00    0.00       -29.751     -30.662     -31.464     -33.916     -35.937     -35.937       2.021       1.373       0.862       0.395       0.343       0.540       0.760
      2800.00    4.50    0.00    0.00       -29.084     -30.277     -31.324     -33.989     -35.982     -35.982       1.993       1.340       0.849       0.401       0.350       0.520       0.753
      2800.00    5.00    0.00    0.00       -28.584     -30.334     -31.509     -33.967     -35.969     -35.969       2.001       1.342       0.869       0.404       0.354       0.482       0.730
      2800.00    5.50    0.00    0.00       -27.452     -29.620     -30.998     -33.852     -35.951     -35.951       2.099       1.367       0.841       0.410       0.358       0.428       0.709
      2900.00    2.50    0.00    0.00       -30.428     -30.810     -31.017     -33.693     -35.872     -35.872       2.179       1.564       0.900       0.235       0.170       0.374      -5.930
      2900.00    3.00    0.00    0.00       -30.564     -31.027     -31.312     -33.894     -36.005     -36.005       2.110       1.455       0.832       0.293       0.231       0.440       0.635
      2900.00    3.50    0.00    0.00       -30.473     -31.133     -31.690     -34.094     -36.091     -36.091       1.998       1.358       0.825       0.342       0.288       0.494       0.689
      2900.00    4.00    0.00    0.00       -30.230     -31.142     -31.937     -34.219     -36.141     -36.141       1.922       1.302       0.838       0.361       0.311       0.504       0.702
      2900.00    4.50    0.00    0.00       -29.818     -31.044     -32.032     -34.273     -36.162     -36.162       1.889       1.273       0.848       0.371       0.322       0.492       0.699
      2900.00    5.00    0.00    0.00       -29.095     -30.619     -31.793     -34.262     -36.175     -36.175       1.914       1.268       0.843       0.371       0.323       0.454       0.678
      2900.00    5.50    0.00    0.00       -28.304     -30.293     -31.627     -34.225     -36.180     -36.180       1.956       1.272       0.828       0.376       0.328       0.409       0.658
      3000.00    2.50    0.00    0.00       -30.633     -31.167     -31.545     -34.012     -36.057     -36.057       2.045       1.494       0.945       0.189       0.130       0.305       0.481
      3000.00    3.00    0.00    0.00       -30.819     -31.406     -31.788     -34.186     -36.185     -36.185       1.999       1.395       0.864       0.237       0.179       0.367       0.540
      3000.00    3.50    0.00    0.00       -30.858     -31.580     -32.130     -34.380     -36.290     -36.290       1.910       1.295       0.825       0.291       0.238       0.428       0.599
      3000.00    4.00    0.00    0.00       -30.716     -31.634     -32.394     -34.515     -36.346     -36.346       1.831       1.232       0.823       0.321       0.272       0.455       0.630
      3000.00    4.50    0.00    0.00       -30.402     -31.573     -32.526     -34.579     -36.363     -36.363       1.784       1.197       0.832       0.340       0.294       0.460       0.643
      3000.00    5.00    0.00    0.00       -29.800     -31.216     -32.337     -34.590     -36.389     -36.389       1.799       1.188       0.826       0.338       0.293       0.423       0.619
      3000.00    5.50    0.00    0.00       -29.034     -30.887     -32.154     -34.548     -36.389     -36.389       1.842       1.192       0.813       0.342       0.296       0.378       0.598
      3100.00    2.50    0.00    0.00       -30.763     -31.580     -32.108     -34.344     -36.243     -36.243       1.899       1.416       0.987       0.159       0.109       0.249       0.410
      3100.00    3.00    0.00    0.00       -31.011     -31.845     -32.346     -34.509     -36.368     -36.368       1.859       1.317       0.904       0.196       0.145       0.307       0.463
      3100.00    3.50    0.00    0.00       -31.158     -32.063     -32.646     -34.687     -36.478     -36.478       1.791       1.216       0.844       0.252       0.203       0.375       0.528
      3100.00    4.00    0.00    0.00       -31.101     -32.155     -32.931     -34.830     -36.529     -36.529       1.699       1.151       0.830       0.293       0.249       0.423       0.580
      3100.00    4.50    0.00    0.00       -30.919     -32.194     -33.139     -34.939     -36.565     -36.565       1.626       1.114       0.831       0.310       0.269       0.433       0.597
      3100.00    5.00    0.00    0.00       -30.554     -32.101     -33.146     -34.940     -36.563     -36.563       1.623       1.105       0.830       0.320       0.280       0.419       0.595
      3100.00    5.50    0.00    0.00       -30.085     -31.996     -33.161     -34.956     -36.571     -36.571       1.615       1.099       0.826       0.325       0.286       0.393       0.585
      3200.00    2.50    0.00    0.00       -30.944     -31.898     -32.497     -34.593     -36.400     -36.400       1.806       1.359       1.030       0.129       0.087       0.186       0.338
      3200.00    3.00    0.00    0.00       -31.210     -32.160     -32.742     -34.754     -36.518     -36.518       1.764       1.269       0.945       0.155       0.110       0.238       0.381
      3200.00    3.50    0.00    0.00       -31.418     -32.394     -33.034     -34.931     -36.633     -36.633       1.702       1.169       0.868       0.209       0.165       0.312       0.449
      3200.00    4.00    0.00    0.00       -31.424     -32.512     -33.319     -35.083     -36.693     -36.693       1.610       1.101       0.836       0.254       0.212       0.368       0.510
      3200.00    4.50    0.00    0.00       -31.320     -32.574     -33.551     -35.206     -36.728     -36.728       1.522       1.058       0.829       0.283       0.245       0.399       0.547
      3200.00    5.00    0.00    0.00       -31.050     -32.516     -33.593     -35.225     -36.728     -36.728       1.503       1.044       0.824       0.297       0.260       0.398       0.556
      3200.00    5.50    0.00    0.00       -30.709     -32.468     -33.659     -35.272     -36.748     -36.748       1.476       1.033       0.822       0.301       0.266       0.378       0.549
      3300.00    2.50    0.00    0.00       -31.147     -32.251     -32.902     -34.851     -36.567     -36.567       1.715       1.291       1.065       0.109       0.076       0.128       0.278
      3300.00    3.00    0.00    0.00       -31.398     -32.477     -33.141     -34.999     -36.664     -36.664       1.665       1.220       0.987       0.125       0.088       0.177       0.315
      3300.00    3.50    0.00    0.00       -31.633     -32.697     -33.400     -35.160     -36.773     -36.773       1.613       1.129       0.899       0.170       0.130       0.247       0.376
      3300.00    4.00    0.00    0.00       -31.710     -32.846     -33.704     -35.331     -36.843     -36.843       1.512       1.053       0.849       0.225       0.187       0.322       0.453
      3300.00    4.50    0.00    0.00       -31.666     -32.914     -33.906     -35.444     -36.879     -36.879       1.435       1.011       0.829       0.253       0.218       0.356       0.492
      3300.00    5.00    0.00    0.00       -31.484     -32.905     -33.997     -35.497     -36.894     -36.894       1.397       0.990       0.817       0.268       0.234       0.363       0.506
      3300.00    5.50    0.00    0.00       -31.211     -32.859     -34.061     -35.539     -36.902     -36.902       1.363       0.979       0.815       0.279       0.246       0.358       0.513
      3400.00    2.50    0.00    0.00       -31.382     -32.645     -33.356     -35.129     -36.745     -36.745       1.617       1.210       1.082       0.100       0.076       0.079       0.232
      3400.00    3.00    0.00    0.00       -31.605     -32.815     -33.553     -35.252     -36.815     -36.815       1.563       1.164       1.017       0.105       0.075       0.122       0.260
      3400.00    3.50    0.00    0.00       -31.864     -33.002     -33.742     -35.376     -36.911     -36.911       1.535       1.090       0.926       0.137       0.103       0.185       0.307
      3400.00    4.00    0.00    0.00       -31.959     -33.159     -34.071     -35.571     -36.983     -36.983       1.413       1.011       0.869       0.197       0.165       0.271       0.398
      3400.00    4.50    0.00    0.00       -31.980     -33.246     -34.269     -35.690     -37.025     -37.025       1.336       0.966       0.836       0.226       0.195       0.313       0.440
      3400.00    5.00    0.00    0.00       -31.854     -33.229     -34.344     -35.732     -37.029     -37.029       1.297       0.945       0.817       0.249       0.218       0.338       0.471
      3400.00    5.50    0.00    0.00       -31.684     -33.240     -34.447     -35.805     -37.058     -37.058       1.253       0.929       0.808       0.255       0.225       0.331       0.473
      3500.00    2.50    0.00    0.00       -31.634     -33.059     -33.844     -35.419     -36.925     -36.925       1.506       1.128       1.079       0.099       0.081       0.044       0.202
      3500.00    3.00    0.00    0.00       -31.809     -33.183     -34.031     -35.539     -36.970     -36.970       1.431       1.095       1.038       0.096       0.074       0.077       0.222
      3500.00    3.50    0.00    0.00       -31.986     -33.329     -34.259     -35.691     -37.042     -37.042       1.351       1.035       0.967       0.126       0.102       0.146       0.284
      3500.00    4.00    0.00    0.00       -32.183     -33.457     -34.420     -35.800     -37.114     -37.114       1.314       0.973       0.891       0.171       0.144       0.217       0.343
      3500.00    4.50    0.00    0.00       -32.248     -33.533     -34.588     -35.908     -37.153     -37.153       1.244       0.927       0.844       0.207       0.180       0.275       0.399
      3500.00    5.00    0.00    0.00       -32.193     -33.546     -34.675     -35.965     -37.168     -37.168       1.203       0.903       0.816       0.227       0.200       0.304       0.429
      3500.00    5.50    0.00    0.00       -32.065     -33.552     -34.760     -36.027     -37.190     -37.190       1.163       0.888       0.803       0.236       0.209       0.306       0.438
      3600.00    2.50    0.00    0.00       -31.874     -33.493     -34.439     -35.773     -37.099     -37.099       1.325       1.036       1.071       0.102       0.090       0.023       0.193
      3600.00    3.00    0.00    0.00       -32.043     -33.567     -34.523     -35.842     -37.126     -37.126       1.284       1.023       1.043       0.092       0.076       0.043       0.195
      3600.00    3.50    0.00    0.00       -32.197     -33.650     -34.643     -35.936     -37.172     -37.172       1.236       0.988       0.984       0.108       0.089       0.095       0.236
      3600.00    4.00    0.00    0.00       -32.396     -33.746     -34.756     -36.024     -37.238     -37.238       1.214       0.937       0.910       0.145       0.123       0.161       0.288
      3600.00    4.50    0.00    0.00       -32.506     -33.825     -34.911     -36.134     -37.282     -37.282       1.147       0.889       0.852       0.187       0.164       0.230       0.354
      3600.00    5.00    0.00    0.00       -32.506     -33.859     -34.997     -36.198     -37.309     -37.309       1.111       0.864       0.816       0.204       0.180       0.260       0.381
      3600.00    5.50    0.00    0.00       -32.428     -33.854     -35.063     -36.248     -37.319     -37.319       1.071       0.849       0.799       0.219       0.195       0.279       0.405
      3700.00    2.50    0.00    0.00       -32.112     -33.871     -34.950     -36.102     -37.242     -37.242       1.140       0.968       1.051       0.102       0.094       0.009       0.183
      3700.00    3.00    0.00    0.00       -32.118     -33.689     -34.668     -35.935     -37.172     -37.172       1.237       1.007       1.042       0.085       0.071       0.028       0.179
      3700.00    3.50    0.00    0.00       -32.431     -33.962     -35.009     -36.176     -37.298     -37.298       1.122       0.943       0.989       0.095       0.081       0.054       0.198
      3700.00    4.00    0.00    0.00       -32.612     -34.022     -35.068     -36.237     -37.354     -37.354       1.118       0.903       0.919       0.124       0.107       0.114       0.242
      3700.00    4.50    0.00    0.00       -32.741     -34.098     -35.206     -36.346     -37.403     -37.403       1.057       0.856       0.858       0.165       0.147       0.184       0.308
      3700.00    5.00    0.00    0.00       -32.796     -34.147     -35.300     -36.421     -37.438     -37.438       1.017       0.827       0.816       0.187       0.168       0.224       0.343
      3700.00    5.50    0.00    0.00       -32.770     -34.154     -35.361     -36.471     -37.453     -37.453       0.982       0.811       0.794       0.201       0.181       0.246       0.367
      3800.00    2.50    0.00    0.00       -32.414     -34.201     -35.336     -36.374     -37.380     -37.380       1.006       0.916       1.014       0.101       0.095      -0.003       0.171
      3800.00    3.00    0.00    0.00       -32.576     -34.242     -35.346     -36.393     -37.400     -37.400       1.007       0.910       1.004       0.091       0.084       0.005       0.165
      3800.00    3.50    0.00    0.00       -32.685     -34.261     -35.342     -36.406     -37.421     -37.421       1.014       0.902       0.978       0.087       0.077       0.022       0.167
      3800.00    4.00    0.00    0.00       -32.831     -34.295     -35.367     -36.446     -37.468     -37.468       1.022       0.872       0.919       0.107       0.094       0.072       0.202
      3800.00    4.50    0.00    0.00       -32.958     -34.344     -35.468     -36.537     -37.511     -37.511       0.974       0.828       0.861       0.145       0.131       0.141       0.266
      3800.00    5.00    0.00    0.00       -33.040     -34.388     -35.551     -36.610     -37.546     -37.546       0.936       0.797       0.814       0.174       0.158       0.193       0.314
      3800.00    5.50    0.00    0.00       -33.038     -34.392     -35.592     -36.648     -37.562     -37.562       0.913       0.781       0.787       0.187       0.171       0.218       0.338
      3900.00    2.50    0.00    0.00       -32.726     -34.492     -35.662     -36.623     -37.508     -37.508       0.884       0.871       0.973       0.099       0.095      -0.010       0.162
      3900.00    3.00    0.00    0.00       -32.874     -34.532     -35.675     -36.641     -37.524     -37.524       0.883       0.866       0.970       0.090       0.085      -0.005       0.155
      3900.00    3.50    0.00    0.00       -32.965     -34.547     -35.656     -36.637     -37.543     -37.543       0.906       0.862       0.954       0.083       0.076       0.003       0.149
      3900.00    4.00    0.00    0.00       -33.052     -34.558     -35.666     -36.664     -37.574     -37.574       0.910       0.841       0.915       0.094       0.084       0.038       0.172
      3900.00    4.50    0.00    0.00       -33.185     -34.588     -35.716     -36.722     -37.618     -37.618       0.896       0.803       0.859       0.125       0.113       0.099       0.225
      3900.00    5.00    0.00    0.00       -33.275     -34.620     -35.782     -36.788     -37.652     -37.652       0.864       0.770       0.809       0.158       0.145       0.158       0.279
      3900.00    5.50    0.00    0.00       -33.312     -34.626     -35.820     -36.826     -37.668     -37.668       0.842       0.751       0.779       0.178       0.164       0.195       0.316
      4000.00    2.50    0.00    0.00       -33.059     -34.761     -35.946     -36.854     -37.629     -37.629       0.775       0.832       0.929       0.096       0.093      -0.014       0.153
      4000.00    3.00    0.00    0.00       -33.190     -34.797     -35.952     -36.863     -37.644     -37.644       0.782       0.827       0.930       0.088       0.084      -0.011       0.146
      4000.00    3.50    0.00    0.00       -33.260     -34.809     -35.934     -36.853     -37.659     -37.659       0.806       0.824       0.922       0.080       0.076      -0.007       0.139
      4000.00    4.00    0.00    0.00       -33.309     -34.813     -35.925     -36.859     -37.682     -37.682       0.823       0.813       0.899       0.082       0.075       0.010       0.144
      4000.00    4.50    0.00    0.00       -33.409     -34.825     -35.946     -36.897     -37.721     -37.721       0.825       0.781       0.851       0.105       0.096       0.060       0.184
      4000.00    5.00    0.00    0.00       -33.517     -34.857     -36.015     -36.969     -37.759     -37.759       0.790       0.746       0.805       0.138       0.128       0.119       0.242
      4000.00    5.50    0.00    0.00       -33.618     -34.859     -36.043     -37.005     -37.775     -37.775       0.769       0.713       0.758       0.181       0.170       0.195       0.319
      4100.00    2.50    0.00    0.00       -33.419     -35.017     -36.196     -37.065     -37.750     -37.750       0.685       0.793       0.883       0.093       0.090      -0.014       0.146
      4100.00    3.00    0.00    0.00       -33.547     -35.001     -36.144     -37.071     -37.771     -37.771       0.700       0.787       0.880       0.088       0.085      -0.010       0.141
      4100.00    3.50    0.00    0.00       -33.590     -34.999     -36.124     -37.065     -37.781     -37.781       0.716       0.785       0.880       0.081       0.077      -0.009       0.133
      4100.00    4.00    0.00    0.00       -33.614     -34.994     -36.103     -37.061     -37.799     -37.799       0.738       0.779       0.867       0.078       0.074      -0.003       0.130
      4100.00    4.50    0.00    0.00       -33.670     -34.996     -36.105     -37.082     -37.835     -37.835       0.753       0.756       0.832       0.091       0.085       0.028       0.153
      4100.00    5.00    0.00    0.00       -33.760     -35.001     -36.141     -37.129     -37.864     -37.864       0.735       0.722       0.791       0.123       0.116       0.090       0.213
      4100.00    5.50    0.00    0.00       -33.812     -35.005     -36.158     -37.155     -37.887     -37.887       0.731       0.702       0.757       0.144       0.135       0.129       0.248
      4200.00    2.50    0.00    0.00       -33.784     -35.258     -36.410     -37.243     -37.866     -37.866       0.623       0.757       0.836       0.090       0.087      -0.013       0.140
      4200.00    3.00    0.00    0.00       -33.886     -35.248     -36.365     -37.245     -37.885     -37.885       0.639       0.752       0.836       0.085       0.082      -0.013       0.134
      4200.00    3.50    0.00    0.00       -33.936     -35.250     -36.356     -37.249     -37.893     -37.893       0.644       0.750       0.839       0.078       0.075      -0.009       0.128
      4200.00    4.00    0.00    0.00       -33.922     -35.238     -36.330     -37.239     -37.906     -37.906       0.667       0.747       0.835       0.073       0.070      -0.012       0.119
      4200.00    4.50    0.00    0.00       -33.930     -35.226     -36.320     -37.249     -37.930     -37.930       0.682       0.733       0.814       0.080       0.075       0.007       0.131
      4200.00    5.00    0.00    0.00       -33.997     -35.225     -36.337     -37.281     -37.962     -37.962       0.681       0.704       0.778       0.102       0.096       0.053       0.174
      4200.00    5.50    0.00    0.00       -34.059     -35.227     -36.353     -37.308     -37.987     -37.987       0.679       0.681       0.746       0.124       0.117       0.096       0.214
      4300.00    2.50    0.00    0.00       -34.135     -35.488     -36.602     -37.397     -37.980     -37.980       0.583       0.723       0.791       0.086       0.084      -0.013       0.133
      4300.00    3.00    0.00    0.00       -34.222     -35.484     -36.566     -37.402     -37.994     -37.994       0.593       0.719       0.793       0.082       0.079      -0.014       0.126
      4300.00    3.50    0.00    0.00       -34.283     -35.491     -36.563     -37.410     -38.003     -38.003       0.593       0.716       0.797       0.075       0.073      -0.008       0.122
      4300.00    4.00    0.00    0.00       -34.247     -35.474     -36.539     -37.403     -38.011     -38.011       0.608       0.716       0.798       0.070       0.067      -0.015       0.111
      4300.00    4.50    0.00    0.00       -34.226     -35.457     -36.525     -37.406     -38.027     -38.027       0.621       0.708       0.788       0.070       0.067      -0.008       0.113
      4300.00    5.00    0.00    0.00       -34.252     -35.451     -36.530     -37.429     -38.059     -38.059       0.630       0.685       0.760       0.084       0.080       0.024       0.141
      4300.00    5.50    0.00    0.00       -34.296     -35.437     -36.532     -37.447     -38.082     -38.082       0.635       0.660       0.728       0.108       0.103       0.069       0.184
      4400.00    2.50    0.00    0.00       -34.434     -35.695     -36.772     -37.532     -38.086     -38.086       0.554       0.692       0.749       0.084       0.082      -0.018       0.124
      4400.00    3.00    0.00    0.00       -34.547     -35.706     -36.751     -37.543     -38.099     -38.099       0.556       0.688       0.752       0.078       0.076      -0.014       0.120
      4400.00    3.50    0.00    0.00       -34.583     -35.712     -36.745     -37.549     -38.107     -38.107       0.558       0.686       0.757       0.072       0.070      -0.014       0.110
      4400.00    4.00    0.00    0.00       -34.573     -35.701     -36.731     -37.550     -38.115     -38.115       0.565       0.684       0.758       0.067       0.065      -0.014       0.105
      4400.00    4.50    0.00    0.00       -34.534     -35.682     -36.714     -37.552     -38.125     -38.125       0.573       0.681       0.757       0.063       0.060      -0.015       0.100
      4400.00    5.00    0.00    0.00       -34.515     -35.664     -36.708     -37.566     -38.150     -38.150       0.585       0.665       0.737       0.072       0.069       0.005       0.116
      4400.00    5.50    0.00    0.00       -34.537     -35.643     -36.704     -37.580     -38.173     -38.173       0.593       0.641       0.710       0.093       0.088       0.045       0.155
      4500.00    2.50    0.00    0.00       -34.775     -35.908     -36.944     -37.669     -38.194     -38.194       0.525       0.658       0.706       0.081       0.079      -0.015       0.120
      4500.00    3.00    0.00    0.00       -34.860     -35.916     -36.924     -37.675     -38.201     -38.201       0.527       0.657       0.712       0.075       0.073      -0.013       0.114
      4500.00    3.50    0.00    0.00       -34.895     -35.921     -36.916     -37.678     -38.206     -38.206       0.528       0.656       0.719       0.069       0.067      -0.012       0.106
      4500.00    4.00    0.00    0.00       -34.891     -35.919     -36.910     -37.686     -38.216     -38.216       0.530       0.653       0.720       0.063       0.061      -0.014       0.098
      4500.00    4.50    0.00    0.00       -34.845     -35.898     -36.893     -37.688     -38.224     -38.224       0.536       0.651       0.721       0.059       0.057      -0.015       0.093
      4500.00    5.00    0.00    0.00       -34.800     -35.874     -36.880     -37.695     -38.239     -38.239       0.544       0.643       0.713       0.061       0.059      -0.008       0.097
      4500.00    5.50    0.00    0.00       -34.795     -35.862     -36.881     -37.715     -38.268     -38.268       0.553       0.623       0.689       0.075       0.072       0.019       0.122
      4600.00    2.50    0.00    0.00       -35.081     -36.099     -37.097     -37.791     -38.292     -38.292       0.501       0.628       0.669       0.077       0.075      -0.008       0.114
      4600.00    3.00    0.00    0.00       -35.157     -36.115     -37.086     -37.798     -38.299     -38.299       0.501       0.627       0.674       0.072       0.070      -0.012       0.108
      4600.00    3.50    0.00    0.00       -35.191     -36.118     -37.077     -37.800     -38.302     -38.302       0.502       0.626       0.682       0.066       0.064      -0.009       0.101
      4600.00    4.00    0.00    0.00       -35.190     -36.122     -37.075     -37.811     -38.313     -38.313       0.503       0.624       0.684       0.060       0.058      -0.013       0.093
      4600.00    4.50    0.00    0.00       -35.142     -36.104     -37.059     -37.813     -38.319     -38.319       0.506       0.623       0.686       0.055       0.053      -0.016       0.086
      4600.00    5.00    0.00    0.00       -35.085     -36.081     -37.046     -37.819     -38.331     -38.331       0.511       0.618       0.683       0.054       0.052      -0.015       0.084
      4600.00    5.50    0.00    0.00       -35.047     -36.058     -37.038     -37.834     -38.353     -38.353       0.519       0.604       0.667       0.063       0.060       0.003       0.099
      4700.00    2.50    0.00    0.00       -35.364     -36.278     -37.240     -37.905     -38.384     -38.384       0.479       0.600       0.634       0.073       0.071      -0.008       0.108
      4700.00    3.00    0.00    0.00       -35.439     -36.301     -37.238     -37.915     -38.393     -38.393       0.478       0.598       0.639       0.069       0.067      -0.011       0.103
      4700.00    3.50    0.00    0.00       -35.478     -36.309     -37.232     -37.918     -38.396     -38.396       0.479       0.597       0.645       0.063       0.061      -0.007       0.097
      4700.00    4.00    0.00    0.00       -35.472     -36.313     -37.230     -37.928     -38.406     -38.406       0.478       0.596       0.648       0.057       0.055      -0.012       0.087
      4700.00    4.50    0.00    0.00       -35.431     -36.299     -37.218     -37.933     -38.413     -38.413       0.480       0.594       0.650       0.053       0.051      -0.013       0.082
      4700.00    5.00    0.00    0.00       -35.367     -36.278     -37.204     -37.938     -38.421     -38.421       0.483       0.592       0.651       0.049       0.048      -0.017       0.076
      4700.00    5.50    0.00    0.00       -35.307     -36.251     -37.191     -37.947     -38.436     -38.436       0.489       0.583       0.642       0.053       0.051      -0.009       0.081
      4800.00    2.50    0.00    0.00       -35.643     -36.453     -37.379     -38.018     -38.477     -38.477       0.459       0.571       0.601       0.068       0.067      -0.007       0.103
      4800.00    3.00    0.00    0.00       -35.711     -36.479     -37.382     -38.028     -38.485     -38.485       0.457       0.570       0.605       0.065       0.063      -0.010       0.098
      4800.00    3.50    0.00    0.00       -35.741     -36.483     -37.373     -38.026     -38.484     -38.484       0.458       0.571       0.613       0.059       0.058      -0.006       0.092
      4800.00    4.00    0.00    0.00       -35.735     -36.489     -37.373     -38.037     -38.494     -38.494       0.457       0.569       0.615       0.055       0.053      -0.010       0.083
      4800.00    4.50    0.00    0.00       -35.703     -36.482     -37.366     -38.044     -38.502     -38.502       0.458       0.567       0.617       0.050       0.049      -0.012       0.077
      4800.00    5.00    0.00    0.00       -35.639     -36.464     -37.353     -38.050     -38.509     -38.509       0.459       0.566       0.619       0.046       0.045      -0.016       0.070
      4800.00    5.50    0.00    0.00       -35.575     -36.447     -37.345     -38.061     -38.523     -38.523       0.462       0.562       0.616       0.043       0.042      -0.019       0.064
      4900.00    2.50    0.00    0.00       -35.908     -36.623     -37.512     -38.126     -38.565     -38.565       0.439       0.544       0.569       0.064       0.062      -0.006       0.097
      4900.00    3.00    0.00    0.00       -35.967     -36.646     -37.516     -38.134     -38.571     -38.571       0.438       0.543       0.574       0.061       0.060      -0.009       0.092
      4900.00    3.50    0.00    0.00       -35.999     -36.657     -37.516     -38.138     -38.574     -38.574       0.437       0.543       0.580       0.056       0.055      -0.007       0.085
      4900.00    4.00    0.00    0.00       -35.994     -36.661     -37.513     -38.145     -38.581     -38.581       0.436       0.542       0.583       0.051       0.050      -0.009       0.078
      4900.00    4.50    0.00    0.00       -35.955     -36.652     -37.503     -38.148     -38.585     -38.585       0.437       0.542       0.586       0.047       0.045      -0.012       0.072
      4900.00    5.00    0.00    0.00       -35.898     -36.639     -37.494     -38.156     -38.594     -38.594       0.438       0.540       0.588       0.043       0.042      -0.015       0.065
      4900.00    5.50    0.00    0.00       -35.822     -36.616     -37.480     -38.162     -38.602     -38.602       0.440       0.538       0.587       0.040       0.039      -0.018       0.059
      5000.00    2.50    0.00    0.00       -36.153     -36.773     -37.627     -38.217     -38.639     -38.639       0.421       0.519       0.540       0.059       0.058      -0.001       0.090
      5000.00    3.00    0.00    0.00       -36.211     -36.805     -37.643     -38.235     -38.654     -38.654       0.419       0.518       0.545       0.056       0.055      -0.009       0.086
      5000.00    3.50    0.00    0.00       -36.240     -36.816     -37.643     -38.238     -38.656     -38.656       0.418       0.518       0.550       0.052       0.051      -0.006       0.080
      5000.00    4.00    0.00    0.00       -36.236     -36.821     -37.644     -38.246     -38.663     -38.663       0.418       0.517       0.553       0.049       0.048      -0.008       0.074
      5000.00    4.50    0.00    0.00       -36.202     -36.816     -37.637     -38.251     -38.668     -38.668       0.417       0.517       0.556       0.044       0.043      -0.011       0.066
      5000.00    5.00    0.00    0.00       -36.145     -36.803     -37.628     -38.257     -38.675     -38.675       0.418       0.515       0.558       0.041       0.039      -0.014       0.060
      5000.00    5.50    0.00    0.00       -36.072     -36.782     -37.614     -38.262     -38.682     -38.682       0.420       0.513       0.558       0.038       0.037      -0.015       0.057
      5100.00    2.50    0.00    0.00       -36.387     -36.929     -37.749     -38.316     -38.720     -38.720       0.404       0.493       0.512       0.055       0.053      -0.000       0.083
      5100.00    3.00    0.00    0.00       -36.440     -36.958     -37.764     -38.331     -38.733     -38.733       0.402       0.494       0.517       0.052       0.050      -0.008       0.081
      5100.00    3.50    0.00    0.00       -36.467     -36.967     -37.764     -38.334     -38.735     -38.735       0.401       0.495       0.522       0.048       0.046      -0.007       0.074
      5100.00    4.00    0.00    0.00       -36.469     -36.974     -37.767     -38.342     -38.743     -38.743       0.400       0.493       0.525       0.045       0.044      -0.007       0.069
      5100.00    4.50    0.00    0.00       -36.434     -36.968     -37.761     -38.346     -38.746     -38.746       0.400       0.493       0.528       0.041       0.040      -0.010       0.062
      5100.00    5.00    0.00    0.00       -36.382     -36.960     -37.755     -38.354     -38.753     -38.753       0.400       0.492       0.530       0.037       0.036      -0.013       0.055
      5100.00    5.50    0.00    0.00       -36.304     -36.943     -37.742     -38.358     -38.758     -38.758       0.400       0.492       0.533       0.032       0.031      -0.019       0.046
      5200.00    2.50    0.00    0.00       -36.600     -37.086     -37.872     -38.418     -38.806     -38.806       0.388       0.470       0.485       0.051       0.049      -0.007       0.079
      5200.00    3.00    0.00    0.00       -36.658     -37.106     -37.879     -38.424     -38.810     -38.810       0.386       0.471       0.491       0.048       0.046      -0.007       0.075
      5200.00    3.50    0.00    0.00       -36.682     -37.112     -37.879     -38.426     -38.811     -38.811       0.385       0.472       0.496       0.044       0.042      -0.006       0.068
      5200.00    4.00    0.00    0.00       -36.686     -37.118     -37.882     -38.433     -38.818     -38.818       0.384       0.471       0.499       0.041       0.040      -0.007       0.064
      5200.00    4.50    0.00    0.00       -36.655     -37.115     -37.879     -38.438     -38.821     -38.821       0.383       0.471       0.502       0.037       0.036      -0.010       0.057
      5200.00    5.00    0.00    0.00       -36.610     -37.109     -37.875     -38.446     -38.829     -38.829       0.383       0.469       0.503       0.035       0.034      -0.012       0.051
      5200.00    5.50    0.00    0.00       -36.540     -37.096     -37.867     -38.454     -38.836     -38.836       0.382       0.468       0.505       0.031       0.030      -0.017       0.043
      5300.00    2.50    0.00    0.00       -36.805     -37.231     -37.982     -38.506     -38.879     -38.879       0.373       0.447       0.460       0.046       0.045      -0.004       0.073
      5300.00    3.00    0.00    0.00       -36.863     -37.248     -37.989     -38.513     -38.883     -38.883       0.370       0.448       0.466       0.043       0.042      -0.005       0.069
      5300.00    3.50    0.00    0.00       -36.893     -37.254     -37.991     -38.515     -38.885     -38.885       0.370       0.449       0.471       0.040       0.039      -0.004       0.064
      5300.00    4.00    0.00    0.00       -36.896     -37.259     -37.994     -38.523     -38.891     -38.891       0.368       0.449       0.474       0.037       0.036      -0.007       0.058
      5300.00    4.50    0.00    0.00       -36.867     -37.254     -37.990     -38.526     -38.894     -38.894       0.368       0.449       0.477       0.034       0.033      -0.009       0.053
      5300.00    5.00    0.00    0.00       -36.822     -37.247     -37.987     -38.533     -38.900     -38.900       0.367       0.447       0.478       0.032       0.031      -0.010       0.048
      5300.00    5.50    0.00    0.00       -36.757     -37.239     -37.982     -38.541     -38.907     -38.907       0.366       0.447       0.480       0.028       0.027      -0.016       0.039
      5400.00    2.50    0.00    0.00       -36.995     -37.370     -38.087     -38.591     -38.949     -38.949       0.358       0.426       0.438       0.042       0.040      -0.002       0.067
      5400.00    3.00    0.00    0.00       -37.054     -37.385     -38.094     -38.597     -38.953     -38.953       0.356       0.427       0.443       0.039       0.038      -0.003       0.064
      5400.00    3.50    0.00    0.00       -37.085     -37.390     -38.096     -38.600     -38.955     -38.955       0.355       0.429       0.447       0.036       0.035      -0.004       0.058
      5400.00    4.00    0.00    0.00       -37.092     -37.393     -38.100     -38.607     -38.961     -38.961       0.354       0.428       0.450       0.033       0.032      -0.006       0.053
      5400.00    4.50    0.00    0.00       -37.067     -37.388     -38.097     -38.610     -38.963     -38.963       0.353       0.428       0.453       0.031       0.030      -0.009       0.048
      5400.00    5.00    0.00    0.00       -37.031     -37.383     -38.096     -38.619     -38.971     -38.971       0.352       0.426       0.454       0.030       0.029      -0.009       0.044
      5400.00    5.50    0.00    0.00       -36.973     -37.379     -38.094     -38.628     -38.979     -38.979       0.350       0.425       0.455       0.025       0.025      -0.015       0.035
      5500.00    2.50    0.00    0.00       -37.173     -37.505     -38.190     -38.673     -39.017     -39.017       0.343       0.406       0.416       0.038       0.037       0.001       0.062
      5500.00    3.00    0.00    0.00       -37.232     -37.518     -38.196     -38.679     -39.020     -39.020       0.341       0.408       0.421       0.035       0.034      -0.002       0.058
      5500.00    3.50    0.00    0.00       -37.268     -37.523     -38.200     -38.683     -39.023     -39.023       0.340       0.409       0.425       0.032       0.031      -0.003       0.052
      5500.00    4.00    0.00    0.00       -37.276     -37.522     -38.200     -38.688     -39.027     -39.027       0.340       0.408       0.428       0.030       0.029      -0.006       0.048
      5500.00    4.50    0.00    0.00       -37.258     -37.517     -38.198     -38.691     -39.030     -39.030       0.339       0.409       0.431       0.027       0.026      -0.008       0.044
      5500.00    5.00    0.00    0.00       -37.231     -37.517     -38.202     -38.702     -39.040     -39.040       0.337       0.406       0.431       0.026       0.025      -0.010       0.038
      5500.00    5.50    0.00    0.00       -37.170     -37.506     -38.197     -38.708     -39.044     -39.044       0.336       0.406       0.433       0.023       0.022      -0.014       0.032
      5600.00    2.50    0.00    0.00       -37.333     -37.635     -38.289     -38.753     -39.081     -39.081       0.328       0.387       0.394       0.034       0.033       0.003       0.057
      5600.00    3.00    0.00    0.00       -37.396     -37.646     -38.295     -38.759     -39.086     -39.086       0.327       0.388       0.399       0.032       0.030       0.000       0.054
      5600.00    3.50    0.00    0.00       -37.430     -37.643     -38.293     -38.760     -39.087     -39.087       0.327       0.389       0.404       0.029       0.028      -0.001       0.049
      5600.00    4.00    0.00    0.00       -37.445     -37.645     -38.297     -38.766     -39.092     -39.092       0.326       0.390       0.407       0.026       0.026      -0.006       0.043
      5600.00    4.50    0.00    0.00       -37.432     -37.639     -38.295     -38.769     -39.094     -39.094       0.325       0.390       0.409       0.024       0.024      -0.008       0.039
      5600.00    5.00    0.00    0.00       -37.412     -37.639     -38.300     -38.780     -39.104     -39.104       0.324       0.387       0.410       0.023       0.022      -0.010       0.034
      5600.00    5.50    0.00    0.00       -37.358     -37.630     -38.297     -38.787     -39.109     -39.109       0.323       0.386       0.411       0.021       0.020      -0.013       0.028
      5700.00    2.50    0.00    0.00       -37.487     -37.762     -38.385     -38.831     -39.145     -39.145       0.314       0.368       0.373       0.031       0.030       0.007       0.053
      5700.00    3.00    0.00    0.00       -37.549     -37.770     -38.390     -38.836     -39.149     -39.149       0.313       0.370       0.378       0.029       0.028       0.003       0.049
      5700.00    3.50    0.00    0.00       -37.589     -37.767     -38.390     -38.838     -39.151     -39.151       0.313       0.371       0.383       0.025       0.024      -0.000       0.044
      5700.00    4.00    0.00    0.00       -37.608     -37.766     -38.392     -38.843     -39.155     -39.155       0.313       0.371       0.386       0.024       0.023      -0.003       0.040
      5700.00    4.50    0.00    0.00       -37.601     -37.759     -38.389     -38.845     -39.157     -39.157       0.312       0.371       0.388       0.022       0.021      -0.006       0.036
      5700.00    5.00    0.00    0.00       -37.586     -37.757     -38.394     -38.855     -39.166     -39.166       0.311       0.369       0.389       0.020       0.020      -0.009       0.031
      5700.00    5.50    0.00    0.00       -37.509     -37.720     -38.371     -38.847     -39.162     -39.162       0.315       0.368       0.391       0.025       0.024      -0.004       0.034
      5800.00    2.50    0.00    0.00       -37.624     -37.878     -38.471     -38.898     -39.198     -39.198       0.301       0.350       0.354       0.029       0.028       0.012       0.049
      5800.00    3.00    0.00    0.00       -37.694     -37.891     -38.483     -38.911     -39.210     -39.210       0.299       0.351       0.358       0.026       0.025       0.006       0.046
      5800.00    3.50    0.00    0.00       -37.735     -37.885     -38.480     -38.911     -39.211     -39.211       0.300       0.353       0.363       0.023       0.022       0.002       0.041
      5800.00    4.00    0.00    0.00       -37.761     -37.883     -38.482     -38.916     -39.216     -39.216       0.300       0.353       0.366       0.021       0.021      -0.001       0.037
      5800.00    4.50    0.00    0.00       -37.759     -37.874     -38.479     -38.917     -39.217     -39.217       0.299       0.354       0.369       0.020       0.019      -0.004       0.033
      5800.00    5.00    0.00    0.00       -37.748     -37.871     -38.484     -38.927     -39.226     -39.226       0.298       0.352       0.370       0.018       0.017      -0.009       0.026
      5800.00    5.50    0.00    0.00       -37.712     -37.865     -38.484     -38.936     -39.233     -39.233       0.297       0.350       0.370       0.017       0.016      -0.011       0.022
      5900.00    2.50    0.00    0.00       -37.761     -38.000     -38.563     -38.971     -39.258     -39.258       0.287       0.332       0.334       0.027       0.026       0.015       0.047
      5900.00    3.00    0.00    0.00       -37.831     -38.009     -38.573     -38.983     -39.269     -39.269       0.286       0.334       0.339       0.024       0.023       0.009       0.043
      5900.00    3.50    0.00    0.00       -37.874     -38.001     -38.569     -38.983     -39.270     -39.270       0.287       0.336       0.344       0.021       0.020       0.004       0.037
      5900.00    4.00    0.00    0.00       -37.904     -37.996     -38.570     -38.987     -39.274     -39.274       0.287       0.336       0.347       0.019       0.018       0.001       0.034
      5900.00    4.50    0.00    0.00       -37.913     -37.987     -38.569     -38.991     -39.278     -39.278       0.287       0.336       0.350       0.017       0.017      -0.004       0.028
      5900.00    5.00    0.00    0.00       -37.904     -37.982     -38.570     -38.997     -39.284     -39.284       0.286       0.335       0.351       0.016       0.015      -0.007       0.023
      5900.00    5.50    0.00    0.00       -37.878     -37.978     -38.573     -39.006     -39.291     -39.291       0.285       0.333       0.351       0.014       0.013      -0.011       0.018
      6000.00    2.50    0.00    0.00       -37.912     -38.132     -38.657     -39.042     -39.313     -39.313       0.271       0.316       0.318       0.026       0.025       0.016       0.044
      6000.00    3.00    0.00    0.00       -37.966     -38.125     -38.656     -39.047     -39.319     -39.319       0.272       0.318       0.323       0.023       0.022       0.010       0.039
      6000.00    3.50    0.00    0.00       -38.020     -38.121     -38.659     -39.053     -39.326     -39.326       0.273       0.319       0.326       0.019       0.018       0.005       0.033
      6000.00    4.00    0.00    0.00       -38.042     -38.106     -38.653     -39.053     -39.327     -39.327       0.274       0.321       0.330       0.017       0.017       0.002       0.030
      6000.00    4.50    0.00    0.00       -38.055     -38.093     -38.650     -39.057     -39.332     -39.332       0.275       0.320       0.332       0.016       0.016      -0.002       0.026
      6000.00    5.00    0.00    0.00       -38.050     -38.085     -38.651     -39.062     -39.337     -39.337       0.275       0.319       0.334       0.014       0.014      -0.005       0.022
      6000.00    5.50    0.00    0.00       -38.029     -38.080     -38.653     -39.071     -39.345     -39.345       0.274       0.317       0.334       0.013       0.013      -0.009       0.016
      6100.00    2.50    0.00    0.00       -38.045     -38.252     -38.743     -39.110     -39.369     -39.369       0.259       0.299       0.298       0.025       0.024       0.025       0.051
      6100.00    3.00    0.00    0.00       -38.090     -38.238     -38.741     -39.115     -39.374     -39.374       0.260       0.302       0.304       0.021       0.021       0.015       0.039
      6100.00    3.50    0.00    0.00       -38.144     -38.232     -38.744     -39.122     -39.381     -39.381       0.260       0.303       0.308       0.017       0.016       0.007       0.030
      6100.00    4.00    0.00    0.00       -38.173     -38.215     -38.735     -39.120     -39.382     -39.382       0.262       0.305       0.312       0.015       0.015       0.005       0.029
      6100.00    4.50    0.00    0.00       -38.190     -38.198     -38.730     -39.121     -39.385     -39.385       0.264       0.304       0.315       0.014       0.014       0.002       0.026
      6100.00    5.00    0.00    0.00       -38.192     -38.190     -38.732     -39.128     -39.392     -39.392       0.264       0.302       0.316       0.013       0.013      -0.002       0.020
      6100.00    5.50    0.00    0.00       -38.176     -38.182     -38.733     -39.135     -39.398     -39.398       0.263       0.301       0.317       0.012       0.012      -0.006       0.015
      6200.00    2.50    0.00    0.00       -38.159     -38.363     -38.826     -39.175     -39.421     -39.421       0.246       0.283       0.280       0.024       0.023       0.029       0.051
      6200.00    3.00    0.00    0.00       -38.206     -38.347     -38.823     -39.180     -39.427     -39.427       0.247       0.287       0.287       0.021       0.020       0.019       0.038
      6200.00    3.50    0.00    0.00       -38.251     -38.332     -38.820     -39.183     -39.431     -39.431       0.248       0.289       0.292       0.015       0.015       0.008       0.026
      6200.00    4.00    0.00    0.00       -38.294     -38.319     -38.815     -39.184     -39.434     -39.434       0.250       0.290       0.295       0.014       0.013       0.007       0.028
      6200.00    4.50    0.00    0.00       -38.317     -38.302     -38.811     -39.187     -39.438     -39.438       0.252       0.289       0.298       0.012       0.012       0.003       0.022
      6200.00    5.00    0.00    0.00       -38.326     -38.290     -38.809     -39.191     -39.443     -39.443       0.253       0.288       0.300       0.011       0.011      -0.000       0.018
      6200.00    5.50    0.00    0.00       -38.315     -38.281     -38.809     -39.197     -39.450     -39.450       0.253       0.286       0.301       0.011       0.011      -0.004       0.013
      6300.00    2.50    0.00    0.00       -38.259     -38.467     -38.906     -39.238     -39.472     -39.472       0.233       0.269       0.264       0.023       0.022       0.029       0.045
      6300.00    3.00    0.00    0.00       -38.315     -38.453     -38.904     -39.244     -39.478     -39.478       0.235       0.272       0.269       0.020       0.019       0.022       0.038
      6300.00    3.50    0.00    0.00       -38.364     -38.435     -38.897     -39.244     -39.480     -39.480       0.236       0.275       0.275       0.014       0.013       0.013       0.030
      6300.00    4.00    0.00    0.00       -38.407     -38.420     -38.893     -39.246     -39.484     -39.484       0.238       0.276       0.279       0.012       0.012       0.010       0.026
      6300.00    4.50    0.00    0.00       -38.436     -38.400     -38.886     -39.247     -39.488     -39.488       0.241       0.275       0.282       0.011       0.010       0.005       0.022
      6300.00    5.00    0.00    0.00       -38.451     -38.389     -38.885     -39.252     -39.494     -39.494       0.241       0.274       0.284       0.010       0.009       0.001       0.016
      6300.00    5.50    0.00    0.00       -38.446     -38.378     -38.885     -39.258     -39.500     -39.500       0.242       0.272       0.286       0.009       0.009      -0.003       0.010
      6400.00    2.50    0.00    0.00       -38.360     -38.571     -38.985     -39.300     -39.521     -39.521       0.221       0.254       0.247       0.023       0.022       0.029       0.042
      6400.00    3.00    0.00    0.00       -38.417     -38.556     -38.983     -39.306     -39.528     -39.528       0.222       0.258       0.253       0.019       0.018       0.022       0.035
      6400.00    3.50    0.00    0.00       -38.470     -38.538     -38.975     -39.306     -39.530     -39.530       0.224       0.261       0.258       0.014       0.014       0.017       0.031
      6400.00    4.00    0.00    0.00       -38.513     -38.519     -38.968     -39.306     -39.533     -39.533       0.226       0.262       0.263       0.011       0.010       0.011       0.024
      6400.00    4.50    0.00    0.00       -38.547     -38.499     -38.963     -39.309     -39.538     -39.538       0.229       0.262       0.267       0.009       0.009       0.005       0.018
      6400.00    5.00    0.00    0.00       -38.567     -38.484     -38.959     -39.312     -39.542     -39.542       0.230       0.260       0.269       0.008       0.008       0.001       0.013
      6400.00    5.50    0.00    0.00       -38.571     -38.473     -38.958     -39.317     -39.548     -39.548       0.231       0.258       0.271       0.007       0.007      -0.002       0.008
      6500.00    2.50    0.00    0.00       -38.458     -38.678     -39.065     -39.360     -39.569     -39.569       0.209       0.239       0.231       0.025       0.024       0.033       0.040
      6500.00    3.00    0.00    0.00       -38.512     -38.656     -39.058     -39.365     -39.575     -39.575       0.210       0.244       0.237       0.018       0.018       0.024       0.034
      6500.00    3.50    0.00    0.00       -38.561     -38.633     -39.048     -39.364     -39.576     -39.576       0.212       0.248       0.243       0.014       0.013       0.017       0.027
      6500.00    4.00    0.00    0.00       -38.613     -38.615     -39.042     -39.365     -39.580     -39.580       0.215       0.249       0.248       0.010       0.010       0.012       0.023
      6500.00    4.50    0.00    0.00       -38.655     -38.592     -39.033     -39.366     -39.584     -39.584       0.218       0.248       0.251       0.009       0.009       0.009       0.021
      6500.00    5.00    0.00    0.00       -38.678     -38.576     -39.030     -39.369     -39.589     -39.589       0.220       0.247       0.255       0.007       0.006       0.003       0.012
      6500.00    5.50    0.00    0.00       -38.689     -38.564     -39.029     -39.374     -39.595     -39.595       0.221       0.245       0.257       0.005       0.005      -0.003       0.005
      6600.00    2.50    0.00    0.00       -38.529     -38.765     -39.137     -39.416     -39.612     -39.612       0.196       0.228       0.220       0.019       0.018       0.018       0.014
      6600.00    3.00    0.00    0.00       -38.604     -38.754     -39.133     -39.423     -39.621     -39.621       0.198       0.231       0.222       0.017       0.017       0.023       0.031
      6600.00    3.50    0.00    0.00       -38.660     -38.733     -39.124     -39.423     -39.624     -39.624       0.201       0.234       0.227       0.014       0.013       0.020       0.031
      6600.00    4.00    0.00    0.00       -38.710     -38.710     -39.115     -39.423     -39.626     -39.626       0.203       0.236       0.232       0.010       0.009       0.014       0.025
      6600.00    4.50    0.00    0.00       -38.754     -38.684     -39.104     -39.423     -39.630     -39.630       0.207       0.235       0.237       0.008       0.007       0.010       0.019
      6600.00    5.00    0.00    0.00       -38.783     -38.665     -39.099     -39.424     -39.634     -39.634       0.210       0.235       0.241       0.005       0.005       0.003       0.011
      6600.00    5.50    0.00    0.00       -38.800     -38.652     -39.098     -39.429     -39.640     -39.640       0.211       0.233       0.243       0.004       0.004      -0.003       0.002
      6700.00    2.50    0.00    0.00       -38.590     -38.853     -39.212     -39.478     -39.661     -39.661       0.184       0.215       0.207       0.017       0.017       0.003      -0.005
      6700.00    3.00    0.00    0.00       -38.693     -38.850     -39.206     -39.479     -39.665     -39.665       0.186       0.217       0.207       0.017       0.016       0.024       0.031
      6700.00    3.50    0.00    0.00       -38.749     -38.823     -39.196     -39.481     -39.671     -39.671       0.190       0.220       0.212       0.015       0.014       0.021       0.030
      6700.00    4.00    0.00    0.00       -38.797     -38.799     -39.185     -39.479     -39.670     -39.670       0.192       0.224       0.219       0.008       0.007       0.011       0.020
      6700.00    4.50    0.00    0.00       -38.844     -38.774     -39.173     -39.477     -39.673     -39.673       0.196       0.224       0.223       0.007       0.006       0.010       0.019
      6700.00    5.00    0.00    0.00       -38.880     -38.752     -39.167     -39.479     -39.678     -39.678       0.199       0.223       0.227       0.004       0.004       0.002       0.008
      6700.00    5.50    0.00    0.00       -38.904     -38.738     -39.164     -39.483     -39.684     -39.684       0.201       0.221       0.230       0.002       0.002      -0.003      -0.000
      6800.00    2.50    0.00    0.00       -38.659     -38.939     -39.286     -39.539     -39.711     -39.711       0.172       0.201       0.192       0.018       0.018      -0.005      -0.011
      6800.00    3.00    0.00    0.00       -38.780     -38.946     -39.278     -39.533     -39.708     -39.708       0.175       0.205       0.193       0.017       0.016       0.024       0.031
      6800.00    3.50    0.00    0.00       -38.833     -38.917     -39.268     -39.537     -39.714     -39.714       0.178       0.207       0.198       0.014       0.013       0.020       0.027
      6800.00    4.00    0.00    0.00       -38.883     -38.888     -39.255     -39.534     -39.714     -39.714       0.180       0.211       0.204       0.007       0.007       0.011       0.019
      6800.00    4.50    0.00    0.00       -38.931     -38.862     -39.243     -39.531     -39.716     -39.716       0.185       0.212       0.209       0.005       0.005       0.008       0.016
      6800.00    5.00    0.00    0.00       -38.974     -38.837     -39.233     -39.532     -39.721     -39.721       0.189       0.211       0.213       0.003       0.003       0.003       0.008
      6800.00    5.50    0.00    0.00       -39.001     -38.820     -39.229     -39.535     -39.726     -39.726       0.191       0.210       0.217       0.000       0.000      -0.005      -0.003
      6900.00    2.50    0.00    0.00       -38.790     -39.052     -39.354     -39.585     -39.747     -39.747       0.162       0.188       0.176       0.018       0.018       0.021       0.012
      6900.00    3.00    0.00    0.00       -38.863     -39.036     -39.347     -39.585     -39.748     -39.748       0.163       0.193       0.182       0.014       0.014       0.017       0.023
      6900.00    3.50    0.00    0.00       -38.913     -39.008     -39.338     -39.590     -39.756     -39.756       0.166       0.196       0.184       0.013       0.012       0.019       0.025
      6900.00    4.00    0.00    0.00       -38.967     -38.976     -39.324     -39.588     -39.757     -39.757       0.170       0.199       0.190       0.008       0.007       0.013       0.022
      6900.00    4.50    0.00    0.00       -39.013     -38.946     -39.309     -39.583     -39.757     -39.757       0.174       0.201       0.195       0.005       0.004       0.008       0.016
      6900.00    5.00    0.00    0.00       -39.060     -38.920     -39.298     -39.583     -39.762     -39.762       0.178       0.200       0.200       0.002       0.001       0.002       0.007
      6900.00    5.50    0.00    0.00       -39.095     -38.900     -39.292     -39.586     -39.768     -39.768       0.182       0.198       0.204       0.001       0.001      -0.003      -0.002
      7000.00    2.50    0.00    0.00       -38.880     -39.144     -39.421     -39.635     -39.788     -39.788       0.152       0.175       0.162       0.019       0.018       0.024       0.014
      7000.00    3.00    0.00    0.00       -38.943     -39.124     -39.414     -39.636     -39.788     -39.788       0.152       0.181       0.169       0.014       0.013       0.016       0.023
      7000.00    3.50    0.00    0.00       -38.989     -39.095     -39.405     -39.641     -39.796     -39.796       0.154       0.185       0.171       0.012       0.011       0.018       0.024
      7000.00    4.00    0.00    0.00       -39.041     -39.064     -39.392     -39.640     -39.798     -39.798       0.158       0.188       0.176       0.009       0.008       0.014       0.024
      7000.00    4.50    0.00    0.00       -39.093     -39.031     -39.376     -39.637     -39.799     -39.799       0.162       0.190       0.182       0.004       0.004       0.007       0.014
      7000.00    5.00    0.00    0.00       -39.140     -39.001     -39.363     -39.635     -39.803     -39.803       0.168       0.189       0.188       0.001       0.001       0.001       0.003
      7000.00    5.50    0.00    0.00       -39.182     -38.979     -39.354     -39.636     -39.808     -39.808       0.172       0.187       0.192      -0.001      -0.001      -0.004      -0.004
