!  STARS, BROWN DWARFS, AND GAS GIANT PLANETS COLORS
!  
!  E(B-V) =     0.000
!     A_V =     0.000
!
!  "MAGNITUDES" m AT THE STELLAR SURFACE
!  (distance modulus factor not included)
!
!  ABSOLUTE MAGNITUDES: M_m = m - 5logR(pc) + 5
!
! Type of calibration used: AB
!
! Unless mentioned otherwise below, we calculate:
! Pogson magnitudes resulting from photon count integration (caracteristic of CCDs)
!
! 2MASS Cohen et al. (2003) RSR JHK filters
! (energy counting + add. zps used)
!
!        Teff    Logg   [M/H]   [a/H]             J           H           K         J-H         J-K         H-K
      5777.00    4.44    0.00    0.00       -38.671     -38.509     -38.111      -0.162      -0.560      -0.398
      1200.00    2.50    0.00    0.00       -31.479     -32.558     -33.185       1.079       1.706       0.627
      1200.00    3.00    0.00    0.00       -31.949     -32.961     -33.328       1.013       1.379       0.366
      1200.00    3.50    0.00    0.00       -32.383     -33.195     -33.170       0.811       0.787      -0.025
      1200.00    4.00    0.00    0.00       -32.484     -33.210     -33.132       0.726       0.648      -0.078
      1200.00    4.50    0.00    0.00       -32.396     -33.177     -33.142       0.781       0.745      -0.036
      1200.00    5.00    0.00    0.00       -32.860     -33.132     -32.823       0.272      -0.038      -0.309
      1200.00    5.50    0.00    0.00       -33.094     -33.063     -32.604      -0.031      -0.491      -0.460
      1300.00    2.50    0.00    0.00       -31.822     -32.808     -33.433       0.986       1.611       0.625
      1300.00    3.00    0.00    0.00       -32.490     -33.166     -33.594       0.676       1.104       0.428
      1300.00    3.50    0.00    0.00       -32.447     -33.385     -33.725       0.938       1.278       0.339
      1300.00    4.00    0.00    0.00       -32.642     -33.477     -33.613       0.835       0.972       0.136
      1300.00    4.50    0.00    0.00       -32.678     -33.513     -33.659       0.835       0.981       0.146
      1300.00    5.00    0.00    0.00       -32.955     -33.615     -33.433       0.660       0.478      -0.182
      1300.00    5.50    0.00    0.00       -33.182     -33.574     -33.210       0.392       0.028      -0.364
      1400.00    3.00    0.00    0.00       -33.137     -33.588     -33.932       0.451       0.795       0.344
      1400.00    3.50    0.00    0.00       -33.105     -33.680     -34.016       0.576       0.911       0.336
      1400.00    4.00    0.00    0.00       -32.785     -33.662     -34.042       0.877       1.258       0.381
      1400.00    4.50    0.00    0.00       -32.898     -33.745     -34.017       0.847       1.119       0.272
      1400.00    5.00    0.00    0.00       -33.030     -33.819     -34.008       0.789       0.978       0.189
      1400.00    5.50    0.00    0.00       -33.352     -33.886     -33.710       0.534       0.359      -0.176
      1500.00    2.50    0.00    0.00       -32.752     -33.358     -33.810       0.605       1.058       0.453
      1500.00    3.00    0.00    0.00       -32.092     -33.169     -33.816       1.077       1.724       0.647
      1500.00    3.50    0.00    0.00       -31.911     -33.118     -33.882       1.207       1.970       0.763
      1500.00    4.00    0.00    0.00       -32.765     -33.724     -34.303       0.959       1.538       0.579
      1500.00    4.50    0.00    0.00       -32.944     -33.843     -34.314       0.898       1.369       0.471
      1500.00    5.00    0.00    0.00       -33.132     -33.940     -34.277       0.808       1.145       0.337
      1500.00    5.50    0.00    0.00       -33.289     -34.028     -34.302       0.739       1.013       0.274
      1550.00    5.00    0.00    0.00       -33.074     -33.941     -34.385       0.867       1.311       0.443
      1550.00    5.50    0.00    0.00       -33.292     -34.062     -34.422       0.770       1.131       0.360
      1600.00    2.50    0.00    0.00       -33.594     -33.962     -34.253       0.368       0.659       0.291
      1600.00    3.00    0.00    0.00       -32.465     -33.387     -34.046       0.922       1.581       0.658
      1600.00    3.50    0.00    0.00       -32.118     -33.467     -34.286       1.349       2.168       0.819
      1600.00    4.00    0.00    0.00       -33.108     -33.948     -34.511       0.840       1.403       0.563
      1600.00    4.50    0.00    0.00       -33.151     -34.064     -34.584       0.913       1.432       0.519
      1600.00    5.00    0.00    0.00       -33.101     -33.974     -34.470       0.872       1.368       0.496
      1600.00    5.50    0.00    0.00       -33.354     -34.119     -34.500       0.765       1.146       0.381
      1650.00    5.00    0.00    0.00       -33.309     -34.190     -34.707       0.881       1.398       0.517
      1650.00    5.50    0.00    0.00       -33.594     -34.284     -34.570       0.690       0.977       0.286
      1700.00    2.50    0.00    0.00       -32.693     -33.625     -34.198       0.932       1.505       0.573
      1700.00    3.00    0.00    0.00       -33.158     -34.138     -34.642       0.980       1.484       0.503
      1700.00    3.50    0.00    0.00       -33.174     -34.233     -34.701       1.059       1.527       0.468
      1700.00    4.00    0.00    0.00       -33.582     -34.503     -34.877       0.922       1.296       0.374
      1700.00    4.50    0.00    0.00       -33.650     -34.435     -34.824       0.785       1.174       0.389
      1700.00    5.00    0.00    0.00       -33.570     -34.408     -34.858       0.838       1.288       0.450
      1700.00    5.50    0.00    0.00       -33.841     -34.465     -34.736       0.623       0.895       0.271
      1750.00    5.00    0.00    0.00       -33.802     -34.585     -34.945       0.783       1.143       0.360
      1750.00    5.50    0.00    0.00       -34.087     -34.632     -34.844       0.546       0.757       0.212
      1800.00    2.50    0.00    0.00       -33.427     -33.891     -34.287       0.464       0.860       0.396
      1800.00    3.00    0.00    0.00       -33.525     -34.268     -34.728       0.743       1.203       0.460
      1800.00    3.50    0.00    0.00       -34.061     -34.662     -34.928       0.602       0.868       0.266
      1800.00    4.00    0.00    0.00       -34.248     -34.825     -35.025       0.577       0.777       0.200
      1800.00    4.50    0.00    0.00       -34.145     -34.800     -35.011       0.655       0.867       0.211
      1800.00    5.00    0.00    0.00       -34.159     -34.839     -35.071       0.680       0.911       0.232
      1800.00    5.50    0.00    0.00       -34.400     -34.802     -34.894       0.402       0.494       0.092
      1850.00    5.00    0.00    0.00       -34.420     -35.032     -35.122       0.611       0.702       0.090
      1850.00    5.50    0.00    0.00       -34.680     -35.015     -35.013       0.335       0.333      -0.002
      1900.00    2.50    0.00    0.00       -33.740     -34.306     -34.594       0.566       0.854       0.288
      1900.00    3.00    0.00    0.00       -34.350     -34.772     -34.976       0.422       0.626       0.204
      1900.00    3.50    0.00    0.00       -34.598     -34.989     -35.127       0.391       0.530       0.139
      1900.00    4.00    0.00    0.00       -34.578     -35.045     -35.183       0.467       0.605       0.138
      1900.00    4.50    0.00    0.00       -34.708     -35.160     -35.206       0.452       0.498       0.046
      1900.00    5.00    0.00    0.00       -34.748     -35.211     -35.184       0.463       0.436      -0.026
      1900.00    5.50    0.00    0.00       -34.748     -35.051     -35.022       0.303       0.274      -0.029
      1950.00    5.00    0.00    0.00       -34.826     -35.293     -35.279       0.467       0.453      -0.014
      1950.00    5.50    0.00    0.00       -34.966     -35.240     -35.122       0.273       0.156      -0.117
      2000.00    2.50    0.00    0.00       -35.077     -35.218     -35.289       0.141       0.212       0.071
      2000.00    3.00    0.00    0.00       -34.901     -35.163     -35.274       0.261       0.372       0.111
      2000.00    3.50    0.00    0.00       -34.882     -35.200     -35.303       0.318       0.421       0.103
      2000.00    4.00    0.00    0.00       -35.046     -35.312     -35.363       0.265       0.317       0.052
      2000.00    4.50    0.00    0.00       -35.132     -35.382     -35.373       0.250       0.241      -0.009
      2000.00    5.00    0.00    0.00       -34.796     -35.284     -35.284       0.488       0.487      -0.000
      2000.00    5.50    0.00    0.00       -35.103     -35.349     -35.211       0.246       0.108      -0.139
      2050.00    2.50    0.00    0.00       -35.177     -35.328     -35.389       0.150       0.212       0.062
      2050.00    3.00    0.00    0.00       -35.173     -35.349     -35.404       0.177       0.232       0.055
      2050.00    3.50    0.00    0.00       -35.085     -35.335     -35.404       0.251       0.319       0.069
      2050.00    4.00    0.00    0.00       -35.155     -35.409     -35.429       0.254       0.274       0.020
      2050.00    4.50    0.00    0.00       -35.185     -35.448     -35.409       0.263       0.223      -0.039
      2050.00    5.00    0.00    0.00       -35.257     -35.541     -35.430       0.284       0.172      -0.112
      2100.00    2.50    0.00    0.00       -35.269     -35.390     -35.434       0.121       0.164       0.044
      2100.00    3.00    0.00    0.00       -35.177     -35.367     -35.431       0.189       0.254       0.065
      2100.00    3.50    0.00    0.00       -35.253     -35.429     -35.462       0.176       0.209       0.032
      2100.00    4.00    0.00    0.00       -35.315     -35.492     -35.476       0.177       0.161      -0.016
      2100.00    4.50    0.00    0.00       -35.340     -35.551     -35.525       0.211       0.185      -0.026
      2100.00    5.00    0.00    0.00       -35.348     -35.588     -35.458       0.240       0.110      -0.130
      2100.00    5.50    0.00    0.00       -35.458     -35.621     -35.341       0.163      -0.117      -0.280
      2150.00    2.50    0.00    0.00       -35.349     -35.490     -35.529       0.141       0.180       0.039
      2150.00    3.00    0.00    0.00       -35.353     -35.517     -35.552       0.164       0.199       0.035
      2150.00    3.50    0.00    0.00       -35.403     -35.556     -35.567       0.152       0.163       0.011
      2150.00    4.00    0.00    0.00       -35.447     -35.615     -35.592       0.168       0.145      -0.023
      2150.00    4.50    0.00    0.00       -35.409     -35.637     -35.585       0.228       0.176      -0.052
      2150.00    5.00    0.00    0.00       -35.406     -35.660     -35.549       0.253       0.143      -0.111
      2200.00    2.50    0.00    0.00       -35.501     -35.582     -35.589       0.081       0.088       0.007
      2200.00    3.00    0.00    0.00       -35.480     -35.592     -35.605       0.113       0.125       0.013
      2200.00    3.50    0.00    0.00       -35.489     -35.619     -35.620       0.130       0.131       0.000
      2200.00    4.00    0.00    0.00       -35.525     -35.669     -35.635       0.144       0.110      -0.033
      2200.00    4.50    0.00    0.00       -35.509     -35.685     -35.644       0.177       0.135      -0.041
      2200.00    5.00    0.00    0.00       -35.508     -35.758     -35.644       0.250       0.136      -0.114
      2200.00    5.50    0.00    0.00       -35.356     -35.578     -35.399       0.222       0.043      -0.179
      2250.00    2.50    0.00    0.00       -35.627     -35.691     -35.680       0.064       0.054      -0.010
      2250.00    3.00    0.00    0.00       -35.648     -35.733     -35.717       0.085       0.069      -0.016
      2250.00    3.50    0.00    0.00       -35.640     -35.750     -35.729       0.110       0.089      -0.021
      2250.00    4.00    0.00    0.00       -35.667     -35.786     -35.731       0.118       0.064      -0.054
      2250.00    4.50    0.00    0.00       -35.657     -35.805     -35.715       0.148       0.058      -0.090
      2250.00    5.00    0.00    0.00       -35.607     -35.832     -35.713       0.226       0.107      -0.119
      2300.00    2.50    0.00    0.00       -35.763     -35.783     -35.747       0.020      -0.017      -0.037
      2300.00    3.00    0.00    0.00       -35.749     -35.802     -35.767       0.053       0.018      -0.035
      2300.00    3.50    0.00    0.00       -35.712     -35.800     -35.768       0.088       0.056      -0.032
      2300.00    4.00    0.00    0.00       -35.724     -35.836     -35.780       0.112       0.056      -0.056
      2300.00    4.50    0.00    0.00       -35.853     -35.914     -35.811       0.061      -0.043      -0.104
      2300.00    5.00    0.00    0.00       -35.762     -35.914     -35.770       0.152       0.008      -0.144
      2300.00    5.50    0.00    0.00       -35.925     -35.954     -35.711       0.029      -0.215      -0.243
      2350.00    2.50    0.00    0.00       -35.790     -35.837     -35.800       0.047       0.010      -0.037
      2350.00    3.00    0.00    0.00       -35.862     -35.914     -35.863       0.052       0.001      -0.051
      2350.00    3.50    0.00    0.00       -35.844     -35.924     -35.872       0.080       0.028      -0.052
      2350.00    4.00    0.00    0.00       -35.856     -35.952     -35.879       0.096       0.023      -0.073
      2350.00    4.50    0.00    0.00       -35.839     -35.970     -35.875       0.131       0.036      -0.095
      2350.00    5.00    0.00    0.00       -35.889     -36.024     -35.856       0.135      -0.033      -0.168
      2400.00    2.50    0.00    0.00       -35.953     -35.959     -35.885       0.006      -0.068      -0.074
      2400.00    3.00    0.00    0.00       -35.923     -35.962     -35.902       0.039      -0.022      -0.061
      2400.00    3.50    0.00    0.00       -35.912     -35.976     -35.917       0.064       0.005      -0.059
      2400.00    4.00    0.00    0.00       -35.919     -36.004     -35.924       0.085       0.005      -0.079
      2400.00    4.50    0.00    0.00       -35.983     -36.037     -35.925       0.054      -0.058      -0.111
      2400.00    5.00    0.00    0.00       -35.934     -36.068     -35.914       0.133      -0.020      -0.154
      2400.00    5.50    0.00    0.00       -35.965     -36.113     -35.888       0.148      -0.077      -0.225
      2500.00    2.50    0.00    0.00       -36.141     -36.146     -36.023       0.005      -0.118      -0.123
      2500.00    3.00    0.00    0.00       -36.099     -36.126     -36.039       0.027      -0.061      -0.088
      2500.00    3.50    0.00    0.00       -36.083     -36.136     -36.052       0.053      -0.031      -0.084
      2500.00    4.00    0.00    0.00       -36.080     -36.156     -36.059       0.075      -0.021      -0.097
      2500.00    4.50    0.00    0.00       -36.084     -36.179     -36.059       0.095      -0.025      -0.120
      2500.00    5.00    0.00    0.00       -36.101     -36.217     -36.059       0.116      -0.042      -0.159
      2500.00    5.50    0.00    0.00       -36.102     -36.248     -36.043       0.147      -0.059      -0.205
      2600.00    2.50    0.00    0.00       -36.300     -36.344     -36.165       0.044      -0.135      -0.179
      2600.00    3.00    0.00    0.00       -36.264     -36.289     -36.167       0.026      -0.097      -0.123
      2600.00    3.50    0.00    0.00       -36.236     -36.286     -36.178       0.049      -0.058      -0.107
      2600.00    4.00    0.00    0.00       -36.228     -36.298     -36.184       0.070      -0.044      -0.113
      2600.00    4.50    0.00    0.00       -36.263     -36.322     -36.189       0.059      -0.074      -0.133
      2600.00    5.00    0.00    0.00       -36.238     -36.350     -36.190       0.112      -0.048      -0.160
      2600.00    5.50    0.00    0.00       -36.242     -36.380     -36.181       0.138      -0.061      -0.199
      2700.00    2.50    0.00    0.00       -36.434     -36.542     -36.309       0.108      -0.125      -0.232
      2700.00    3.00    0.00    0.00       -36.421     -36.470     -36.307       0.049      -0.115      -0.163
      2700.00    3.50    0.00    0.00       -36.382     -36.432     -36.298       0.050      -0.084      -0.133
      2700.00    4.00    0.00    0.00       -36.368     -36.435     -36.302       0.067      -0.065      -0.133
      2700.00    4.50    0.00    0.00       -36.407     -36.496     -36.349       0.089      -0.058      -0.147
      2700.00    5.00    0.00    0.00       -36.365     -36.474     -36.309       0.109      -0.056      -0.165
      2700.00    5.50    0.00    0.00       -36.433     -36.512     -36.312       0.079      -0.121      -0.200
      2800.00    2.50    0.00    0.00       -36.549     -36.729     -36.461       0.180      -0.088      -0.268
      2800.00    3.00    0.00    0.00       -36.548     -36.633     -36.430       0.084      -0.119      -0.203
      2800.00    3.50    0.00    0.00       -36.520     -36.582     -36.419       0.062      -0.101      -0.163
      2800.00    4.00    0.00    0.00       -36.503     -36.573     -36.420       0.070      -0.083      -0.153
      2800.00    4.50    0.00    0.00       -36.509     -36.580     -36.423       0.070      -0.087      -0.157
      2800.00    5.00    0.00    0.00       -36.493     -36.603     -36.437       0.110      -0.056      -0.166
      2800.00    5.50    0.00    0.00       -36.502     -36.631     -36.432       0.128      -0.070      -0.198
      2900.00    2.50    0.00    0.00       -36.647     -36.908     -36.611       0.261      -0.036      -0.297
      2900.00    3.00    0.00    0.00       -36.665     -36.803     -36.556       0.138      -0.110      -0.247
      2900.00    3.50    0.00    0.00       -36.642     -36.721     -36.523       0.079      -0.119      -0.198
      2900.00    4.00    0.00    0.00       -36.627     -36.703     -36.525       0.076      -0.102      -0.178
      2900.00    4.50    0.00    0.00       -36.612     -36.698     -36.527       0.086      -0.085      -0.171
      2900.00    5.00    0.00    0.00       -36.617     -36.720     -36.537       0.103      -0.080      -0.183
      2900.00    5.50    0.00    0.00       -36.624     -36.745     -36.542       0.121      -0.082      -0.203
      3000.00    2.50    0.00    0.00       -36.739     -37.064     -36.765       0.326       0.026      -0.299
      3000.00    3.00    0.00    0.00       -36.769     -36.978     -36.704       0.209      -0.064      -0.273
      3000.00    3.50    0.00    0.00       -36.766     -36.885     -36.659       0.120      -0.107      -0.227
      3000.00    4.00    0.00    0.00       -36.751     -36.844     -36.642       0.093      -0.109      -0.202
      3000.00    4.50    0.00    0.00       -36.727     -36.817     -36.631       0.090      -0.096      -0.186
      3000.00    5.00    0.00    0.00       -36.740     -36.844     -36.646       0.103      -0.095      -0.198
      3000.00    5.50    0.00    0.00       -36.743     -36.861     -36.648       0.118      -0.096      -0.213
      3100.00    2.50    0.00    0.00       -36.822     -37.197     -36.904       0.375       0.082      -0.294
      3100.00    3.00    0.00    0.00       -36.854     -37.126     -36.842       0.272      -0.012      -0.284
      3100.00    3.50    0.00    0.00       -36.860     -37.022     -36.782       0.161      -0.078      -0.240
      3100.00    4.00    0.00    0.00       -36.840     -36.956     -36.745       0.116      -0.095      -0.212
      3100.00    4.50    0.00    0.00       -36.834     -36.942     -36.740       0.108      -0.094      -0.203
      3100.00    5.00    0.00    0.00       -36.820     -36.932     -36.730       0.111      -0.090      -0.202
      3100.00    5.50    0.00    0.00       -36.820     -36.945     -36.734       0.125      -0.086      -0.210
      3200.00    2.50    0.00    0.00       -36.902     -37.324     -37.039       0.422       0.137      -0.286
      3200.00    3.00    0.00    0.00       -36.940     -37.271     -36.981       0.330       0.041      -0.289
      3200.00    3.50    0.00    0.00       -36.956     -37.166     -36.911       0.209      -0.045      -0.254
      3200.00    4.00    0.00    0.00       -36.945     -37.091     -36.862       0.146      -0.083      -0.229
      3200.00    4.50    0.00    0.00       -36.931     -37.052     -36.839       0.121      -0.092      -0.213
      3200.00    5.00    0.00    0.00       -36.916     -37.031     -36.822       0.115      -0.094      -0.209
      3200.00    5.50    0.00    0.00       -36.921     -37.045     -36.830       0.124      -0.091      -0.215
      3300.00    2.50    0.00    0.00       -36.985     -37.439     -37.163       0.455       0.179      -0.276
      3300.00    3.00    0.00    0.00       -37.020     -37.400     -37.112       0.380       0.092      -0.288
      3300.00    3.50    0.00    0.00       -37.045     -37.307     -37.039       0.262      -0.006      -0.268
      3300.00    4.00    0.00    0.00       -37.037     -37.208     -36.973       0.171      -0.064      -0.235
      3300.00    4.50    0.00    0.00       -37.028     -37.164     -36.940       0.136      -0.088      -0.224
      3300.00    5.00    0.00    0.00       -37.022     -37.143     -36.922       0.121      -0.099      -0.221
      3300.00    5.50    0.00    0.00       -37.015     -37.138     -36.917       0.123      -0.098      -0.221
      3400.00    2.50    0.00    0.00       -37.070     -37.536     -37.270       0.466       0.199      -0.267
      3400.00    3.00    0.00    0.00       -37.101     -37.513     -37.228       0.412       0.127      -0.285
      3400.00    3.50    0.00    0.00       -37.132     -37.437     -37.159       0.305       0.027      -0.277
      3400.00    4.00    0.00    0.00       -37.125     -37.328     -37.086       0.203      -0.039      -0.242
      3400.00    4.50    0.00    0.00       -37.123     -37.276     -37.046       0.154      -0.077      -0.231
      3400.00    5.00    0.00    0.00       -37.105     -37.231     -37.007       0.127      -0.098      -0.225
      3400.00    5.50    0.00    0.00       -37.115     -37.239     -37.011       0.123      -0.105      -0.228
      3500.00    2.50    0.00    0.00       -37.160     -37.618     -37.355       0.458       0.195      -0.263
      3500.00    3.00    0.00    0.00       -37.176     -37.608     -37.327       0.431       0.151      -0.281
      3500.00    3.50    0.00    0.00       -37.195     -37.541     -37.265       0.346       0.070      -0.276
      3500.00    4.00    0.00    0.00       -37.209     -37.447     -37.195       0.238      -0.014      -0.252
      3500.00    4.50    0.00    0.00       -37.204     -37.371     -37.136       0.167      -0.068      -0.234
      3500.00    5.00    0.00    0.00       -37.196     -37.329     -37.098       0.133      -0.097      -0.230
      3500.00    5.50    0.00    0.00       -37.201     -37.324     -37.091       0.122      -0.110      -0.232
      3600.00    2.50    0.00    0.00       -37.237     -37.685     -37.422       0.448       0.185      -0.263
      3600.00    3.00    0.00    0.00       -37.253     -37.688     -37.409       0.434       0.155      -0.279
      3600.00    3.50    0.00    0.00       -37.271     -37.642     -37.361       0.372       0.090      -0.281
      3600.00    4.00    0.00    0.00       -37.290     -37.563     -37.298       0.272       0.008      -0.264
      3600.00    4.50    0.00    0.00       -37.290     -37.474     -37.232       0.185      -0.057      -0.242
      3600.00    5.00    0.00    0.00       -37.294     -37.435     -37.197       0.142      -0.096      -0.238
      3600.00    5.50    0.00    0.00       -37.287     -37.409     -37.173       0.122      -0.114      -0.236
      3700.00    2.50    0.00    0.00       -37.310     -37.740     -37.472       0.430       0.162      -0.268
      3700.00    3.00    0.00    0.00       -37.283     -37.720     -37.437       0.438       0.154      -0.284
      3700.00    3.50    0.00    0.00       -37.346     -37.728     -37.442       0.383       0.096      -0.286
      3700.00    4.00    0.00    0.00       -37.368     -37.662     -37.387       0.295       0.019      -0.276
      3700.00    4.50    0.00    0.00       -37.373     -37.577     -37.323       0.204      -0.050      -0.254
      3700.00    5.00    0.00    0.00       -37.381     -37.529     -37.285       0.148      -0.096      -0.244
      3700.00    5.50    0.00    0.00       -37.380     -37.502     -37.260       0.122      -0.120      -0.242
      3800.00    2.50    0.00    0.00       -37.396     -37.794     -37.518       0.398       0.122      -0.276
      3800.00    3.00    0.00    0.00       -37.410     -37.808     -37.522       0.397       0.111      -0.286
      3800.00    3.50    0.00    0.00       -37.425     -37.802     -37.509       0.377       0.084      -0.293
      3800.00    4.00    0.00    0.00       -37.447     -37.752     -37.465       0.306       0.019      -0.287
      3800.00    4.50    0.00    0.00       -37.450     -37.671     -37.404       0.221      -0.046      -0.267
      3800.00    5.00    0.00    0.00       -37.456     -37.609     -37.357       0.153      -0.099      -0.252
      3800.00    5.50    0.00    0.00       -37.456     -37.577     -37.329       0.121      -0.127      -0.248
      3900.00    2.50    0.00    0.00       -37.479     -37.842     -37.558       0.363       0.078      -0.285
      3900.00    3.00    0.00    0.00       -37.490     -37.858     -37.565       0.367       0.074      -0.293
      3900.00    3.50    0.00    0.00       -37.505     -37.863     -37.563       0.358       0.058      -0.300
      3900.00    4.00    0.00    0.00       -37.519     -37.831     -37.534       0.313       0.015      -0.297
      3900.00    4.50    0.00    0.00       -37.529     -37.764     -37.481       0.235      -0.047      -0.282
      3900.00    5.00    0.00    0.00       -37.533     -37.693     -37.429       0.160      -0.103      -0.264
      3900.00    5.50    0.00    0.00       -37.531     -37.648     -37.394       0.117      -0.137      -0.254
      4000.00    2.50    0.00    0.00       -37.562     -37.888     -37.594       0.326       0.032      -0.294
      4000.00    3.00    0.00    0.00       -37.572     -37.905     -37.603       0.333       0.032      -0.301
      4000.00    3.50    0.00    0.00       -37.583     -37.913     -37.606       0.331       0.024      -0.307
      4000.00    4.00    0.00    0.00       -37.596     -37.902     -37.594       0.306      -0.002      -0.308
      4000.00    4.50    0.00    0.00       -37.608     -37.850     -37.553       0.242      -0.055      -0.298
      4000.00    5.00    0.00    0.00       -37.613     -37.785     -37.505       0.172      -0.107      -0.279
      4000.00    5.50    0.00    0.00       -37.598     -37.693     -37.438       0.095      -0.160      -0.255
      4100.00    2.50    0.00    0.00       -37.646     -37.932     -37.628       0.287      -0.017      -0.304
      4100.00    3.00    0.00    0.00       -37.660     -37.951     -37.641       0.291      -0.020      -0.310
      4100.00    3.50    0.00    0.00       -37.667     -37.963     -37.648       0.296      -0.019      -0.315
      4100.00    4.00    0.00    0.00       -37.679     -37.964     -37.647       0.285      -0.032      -0.317
      4100.00    4.50    0.00    0.00       -37.694     -37.935     -37.623       0.241      -0.071      -0.312
      4100.00    5.00    0.00    0.00       -37.692     -37.867     -37.573       0.175      -0.119      -0.294
      4100.00    5.50    0.00    0.00       -37.696     -37.820     -37.539       0.124      -0.157      -0.281
      4200.00    2.50    0.00    0.00       -37.727     -37.974     -37.661       0.247      -0.067      -0.313
      4200.00    3.00    0.00    0.00       -37.740     -37.992     -37.673       0.252      -0.067      -0.319
      4200.00    3.50    0.00    0.00       -37.744     -38.003     -37.680       0.259      -0.064      -0.323
      4200.00    4.00    0.00    0.00       -37.755     -38.011     -37.686       0.257      -0.068      -0.325
      4200.00    4.50    0.00    0.00       -37.766     -37.997     -37.674       0.231      -0.091      -0.322
      4200.00    5.00    0.00    0.00       -37.771     -37.950     -37.639       0.179      -0.132      -0.311
      4200.00    5.50    0.00    0.00       -37.774     -37.902     -37.605       0.128      -0.169      -0.297
      4300.00    2.50    0.00    0.00       -37.808     -38.015     -37.693       0.207      -0.115      -0.322
      4300.00    3.00    0.00    0.00       -37.818     -38.032     -37.705       0.214      -0.113      -0.327
      4300.00    3.50    0.00    0.00       -37.821     -38.043     -37.712       0.221      -0.109      -0.331
      4300.00    4.00    0.00    0.00       -37.829     -38.053     -37.721       0.225      -0.108      -0.333
      4300.00    4.50    0.00    0.00       -37.837     -38.051     -37.719       0.214      -0.118      -0.332
      4300.00    5.00    0.00    0.00       -37.848     -38.022     -37.697       0.175      -0.150      -0.325
      4300.00    5.50    0.00    0.00       -37.848     -37.972     -37.661       0.124      -0.187      -0.311
      4400.00    2.50    0.00    0.00       -37.884     -38.055     -37.725       0.171      -0.159      -0.330
      4400.00    3.00    0.00    0.00       -37.892     -38.071     -37.736       0.178      -0.156      -0.335
      4400.00    3.50    0.00    0.00       -37.898     -38.084     -37.746       0.186      -0.152      -0.338
      4400.00    4.00    0.00    0.00       -37.902     -38.091     -37.752       0.189      -0.150      -0.340
      4400.00    4.50    0.00    0.00       -37.909     -38.097     -37.757       0.188      -0.152      -0.340
      4400.00    5.00    0.00    0.00       -37.918     -38.080     -37.744       0.162      -0.174      -0.336
      4400.00    5.50    0.00    0.00       -37.919     -38.038     -37.714       0.119      -0.205      -0.324
      4500.00    2.50    0.00    0.00       -37.960     -38.093     -37.756       0.133      -0.204      -0.337
      4500.00    3.00    0.00    0.00       -37.965     -38.107     -37.766       0.143      -0.199      -0.341
      4500.00    3.50    0.00    0.00       -37.967     -38.119     -37.774       0.152      -0.193      -0.345
      4500.00    4.00    0.00    0.00       -37.974     -38.129     -37.783       0.155      -0.191      -0.346
      4500.00    4.50    0.00    0.00       -37.978     -38.135     -37.788       0.157      -0.191      -0.347
      4500.00    5.00    0.00    0.00       -37.985     -38.130     -37.785       0.145      -0.200      -0.345
      4500.00    5.50    0.00    0.00       -37.995     -38.106     -37.769       0.111      -0.227      -0.338
      4600.00    2.50    0.00    0.00       -38.029     -38.128     -37.785       0.100      -0.244      -0.343
      4600.00    3.00    0.00    0.00       -38.034     -38.143     -37.795       0.109      -0.239      -0.347
      4600.00    3.50    0.00    0.00       -38.034     -38.153     -37.802       0.118      -0.232      -0.350
      4600.00    4.00    0.00    0.00       -38.042     -38.164     -37.812       0.122      -0.230      -0.352
      4600.00    4.50    0.00    0.00       -38.046     -38.172     -37.818       0.126      -0.228      -0.354
      4600.00    5.00    0.00    0.00       -38.053     -38.174     -37.821       0.121      -0.232      -0.352
      4600.00    5.50    0.00    0.00       -38.061     -38.159     -37.811       0.098      -0.250      -0.347
      4700.00    2.50    0.00    0.00       -38.093     -38.163     -37.813       0.069      -0.280      -0.349
      4700.00    3.00    0.00    0.00       -38.100     -38.177     -37.824       0.077      -0.276      -0.353
      4700.00    3.50    0.00    0.00       -38.101     -38.186     -37.830       0.085      -0.270      -0.356
      4700.00    4.00    0.00    0.00       -38.108     -38.198     -37.840       0.090      -0.268      -0.358
      4700.00    4.50    0.00    0.00       -38.112     -38.205     -37.846       0.093      -0.266      -0.359
      4700.00    5.00    0.00    0.00       -38.118     -38.210     -37.852       0.093      -0.266      -0.358
      4700.00    5.50    0.00    0.00       -38.124     -38.204     -37.849       0.080      -0.275      -0.356
      4800.00    2.50    0.00    0.00       -38.157     -38.197     -37.842       0.039      -0.316      -0.355
      4800.00    3.00    0.00    0.00       -38.164     -38.210     -37.852       0.046      -0.312      -0.358
      4800.00    3.50    0.00    0.00       -38.162     -38.218     -37.858       0.056      -0.305      -0.361
      4800.00    4.00    0.00    0.00       -38.170     -38.229     -37.867       0.060      -0.303      -0.362
      4800.00    4.50    0.00    0.00       -38.175     -38.237     -37.874       0.062      -0.301      -0.364
      4800.00    5.00    0.00    0.00       -38.180     -38.244     -37.880       0.064      -0.300      -0.363
      4800.00    5.50    0.00    0.00       -38.189     -38.250     -37.886       0.060      -0.303      -0.364
      4900.00    2.50    0.00    0.00       -38.218     -38.230     -37.869       0.012      -0.349      -0.361
      4900.00    3.00    0.00    0.00       -38.224     -38.242     -37.879       0.018      -0.345      -0.363
      4900.00    3.50    0.00    0.00       -38.226     -38.252     -37.887       0.026      -0.340      -0.365
      4900.00    4.00    0.00    0.00       -38.231     -38.262     -37.894       0.031      -0.337      -0.367
      4900.00    4.50    0.00    0.00       -38.234     -38.269     -37.901       0.035      -0.333      -0.369
      4900.00    5.00    0.00    0.00       -38.240     -38.275     -37.907       0.035      -0.333      -0.368
      4900.00    5.50    0.00    0.00       -38.246     -38.280     -37.912       0.034      -0.333      -0.368
      5000.00    2.50    0.00    0.00       -38.267     -38.254     -37.888      -0.013      -0.379      -0.366
      5000.00    3.00    0.00    0.00       -38.282     -38.275     -37.907      -0.007      -0.375      -0.368
      5000.00    3.50    0.00    0.00       -38.284     -38.283     -37.913      -0.001      -0.371      -0.370
      5000.00    4.00    0.00    0.00       -38.289     -38.292     -37.920       0.003      -0.368      -0.371
      5000.00    4.50    0.00    0.00       -38.292     -38.299     -37.927       0.007      -0.365      -0.372
      5000.00    5.00    0.00    0.00       -38.297     -38.305     -37.933       0.008      -0.364      -0.372
      5000.00    5.50    0.00    0.00       -38.301     -38.309     -37.937       0.008      -0.364      -0.372
      5100.00    2.50    0.00    0.00       -38.323     -38.285     -37.914      -0.038      -0.409      -0.370
      5100.00    3.00    0.00    0.00       -38.337     -38.305     -37.933      -0.032      -0.404      -0.373
      5100.00    3.50    0.00    0.00       -38.339     -38.314     -37.939      -0.025      -0.399      -0.375
      5100.00    4.00    0.00    0.00       -38.344     -38.322     -37.947      -0.022      -0.398      -0.375
      5100.00    4.50    0.00    0.00       -38.347     -38.329     -37.953      -0.018      -0.394      -0.376
      5100.00    5.00    0.00    0.00       -38.353     -38.336     -37.959      -0.017      -0.393      -0.377
      5100.00    5.50    0.00    0.00       -38.357     -38.344     -37.966      -0.013      -0.391      -0.378
      5200.00    2.50    0.00    0.00       -38.385     -38.323     -37.948      -0.062      -0.437      -0.375
      5200.00    3.00    0.00    0.00       -38.390     -38.335     -37.958      -0.055      -0.432      -0.377
      5200.00    3.50    0.00    0.00       -38.392     -38.343     -37.965      -0.048      -0.427      -0.379
      5200.00    4.00    0.00    0.00       -38.397     -38.351     -37.972      -0.045      -0.425      -0.380
      5200.00    4.50    0.00    0.00       -38.400     -38.359     -37.978      -0.042      -0.422      -0.381
      5200.00    5.00    0.00    0.00       -38.406     -38.365     -37.984      -0.041      -0.421      -0.381
      5200.00    5.50    0.00    0.00       -38.411     -38.372     -37.991      -0.039      -0.420      -0.381
      5300.00    2.50    0.00    0.00       -38.436     -38.351     -37.972      -0.085      -0.464      -0.379
      5300.00    3.00    0.00    0.00       -38.441     -38.363     -37.982      -0.078      -0.458      -0.381
      5300.00    3.50    0.00    0.00       -38.443     -38.371     -37.989      -0.072      -0.454      -0.382
      5300.00    4.00    0.00    0.00       -38.449     -38.380     -37.997      -0.068      -0.451      -0.383
      5300.00    4.50    0.00    0.00       -38.451     -38.387     -38.003      -0.064      -0.448      -0.384
      5300.00    5.00    0.00    0.00       -38.456     -38.392     -38.008      -0.064      -0.448      -0.384
      5300.00    5.50    0.00    0.00       -38.462     -38.400     -38.015      -0.061      -0.446      -0.385
      5400.00    2.50    0.00    0.00       -38.485     -38.379     -37.996      -0.106      -0.488      -0.382
      5400.00    3.00    0.00    0.00       -38.490     -38.391     -38.006      -0.099      -0.483      -0.384
      5400.00    3.50    0.00    0.00       -38.493     -38.399     -38.014      -0.093      -0.479      -0.386
      5400.00    4.00    0.00    0.00       -38.497     -38.408     -38.021      -0.089      -0.476      -0.387
      5400.00    4.50    0.00    0.00       -38.500     -38.415     -38.027      -0.085      -0.473      -0.388
      5400.00    5.00    0.00    0.00       -38.505     -38.419     -38.032      -0.086      -0.473      -0.387
      5400.00    5.50    0.00    0.00       -38.512     -38.429     -38.040      -0.083      -0.472      -0.389
      5500.00    2.50    0.00    0.00       -38.532     -38.405     -38.019      -0.127      -0.512      -0.385
      5500.00    3.00    0.00    0.00       -38.537     -38.417     -38.030      -0.120      -0.507      -0.387
      5500.00    3.50    0.00    0.00       -38.541     -38.427     -38.038      -0.114      -0.503      -0.389
      5500.00    4.00    0.00    0.00       -38.544     -38.435     -38.045      -0.110      -0.500      -0.390
      5500.00    4.50    0.00    0.00       -38.547     -38.442     -38.050      -0.105      -0.497      -0.392
      5500.00    5.00    0.00    0.00       -38.554     -38.448     -38.057      -0.106      -0.497      -0.391
      5500.00    5.50    0.00    0.00       -38.558     -38.455     -38.063      -0.104      -0.495      -0.392
      5600.00    2.50    0.00    0.00       -38.578     -38.431     -38.043      -0.147      -0.535      -0.388
      5600.00    3.00    0.00    0.00       -38.583     -38.443     -38.053      -0.140      -0.530      -0.390
      5600.00    3.50    0.00    0.00       -38.585     -38.452     -38.060      -0.133      -0.525      -0.391
      5600.00    4.00    0.00    0.00       -38.590     -38.461     -38.068      -0.129      -0.522      -0.393
      5600.00    4.50    0.00    0.00       -38.593     -38.468     -38.073      -0.125      -0.519      -0.395
      5600.00    5.00    0.00    0.00       -38.600     -38.475     -38.080      -0.125      -0.519      -0.394
      5600.00    5.50    0.00    0.00       -38.604     -38.481     -38.086      -0.123      -0.518      -0.395
      5700.00    2.50    0.00    0.00       -38.622     -38.455     -38.065      -0.167      -0.557      -0.390
      5700.00    3.00    0.00    0.00       -38.628     -38.468     -38.076      -0.160      -0.552      -0.392
      5700.00    3.50    0.00    0.00       -38.631     -38.478     -38.084      -0.153      -0.547      -0.394
      5700.00    4.00    0.00    0.00       -38.635     -38.486     -38.091      -0.148      -0.544      -0.396
      5700.00    4.50    0.00    0.00       -38.637     -38.494     -38.096      -0.143      -0.541      -0.398
      5700.00    5.00    0.00    0.00       -38.644     -38.500     -38.103      -0.143      -0.541      -0.398
      5700.00    5.50    0.00    0.00       -38.638     -38.494     -38.100      -0.144      -0.538      -0.394
      5800.00    2.50    0.00    0.00       -38.658     -38.472     -38.080      -0.186      -0.578      -0.392
      5800.00    3.00    0.00    0.00       -38.671     -38.492     -38.098      -0.179      -0.573      -0.394
      5800.00    3.50    0.00    0.00       -38.673     -38.502     -38.106      -0.172      -0.568      -0.396
      5800.00    4.00    0.00    0.00       -38.678     -38.511     -38.113      -0.167      -0.565      -0.398
      5800.00    4.50    0.00    0.00       -38.679     -38.518     -38.118      -0.161      -0.562      -0.401
      5800.00    5.00    0.00    0.00       -38.686     -38.526     -38.125      -0.160      -0.561      -0.401
      5800.00    5.50    0.00    0.00       -38.691     -38.531     -38.131      -0.160      -0.560      -0.401
      5900.00    2.50    0.00    0.00       -38.700     -38.495     -38.101      -0.205      -0.598      -0.394
      5900.00    3.00    0.00    0.00       -38.712     -38.515     -38.119      -0.198      -0.593      -0.396
      5900.00    3.50    0.00    0.00       -38.715     -38.526     -38.128      -0.189      -0.587      -0.398
      5900.00    4.00    0.00    0.00       -38.719     -38.535     -38.135      -0.184      -0.584      -0.400
      5900.00    4.50    0.00    0.00       -38.722     -38.543     -38.141      -0.180      -0.581      -0.402
      5900.00    5.00    0.00    0.00       -38.727     -38.550     -38.147      -0.177      -0.580      -0.403
      5900.00    5.50    0.00    0.00       -38.733     -38.557     -38.153      -0.176      -0.579      -0.404
      6000.00    2.50    0.00    0.00       -38.739     -38.520     -38.124      -0.219      -0.615      -0.395
      6000.00    3.00    0.00    0.00       -38.747     -38.535     -38.137      -0.212      -0.610      -0.397
      6000.00    3.50    0.00    0.00       -38.754     -38.548     -38.149      -0.206      -0.606      -0.400
      6000.00    4.00    0.00    0.00       -38.756     -38.557     -38.155      -0.200      -0.602      -0.402
      6000.00    4.50    0.00    0.00       -38.760     -38.564     -38.161      -0.196      -0.599      -0.403
      6000.00    5.00    0.00    0.00       -38.764     -38.571     -38.167      -0.193      -0.598      -0.405
      6000.00    5.50    0.00    0.00       -38.770     -38.579     -38.173      -0.191      -0.597      -0.406
      6100.00    2.50    0.00    0.00       -38.777     -38.541     -38.143      -0.237      -0.634      -0.398
      6100.00    3.00    0.00    0.00       -38.786     -38.556     -38.158      -0.229      -0.628      -0.399
      6100.00    3.50    0.00    0.00       -38.794     -38.571     -38.170      -0.223      -0.624      -0.401
      6100.00    4.00    0.00    0.00       -38.795     -38.579     -38.175      -0.216      -0.620      -0.404
      6100.00    4.50    0.00    0.00       -38.798     -38.587     -38.181      -0.211      -0.617      -0.406
      6100.00    5.00    0.00    0.00       -38.803     -38.594     -38.188      -0.209      -0.615      -0.406
      6100.00    5.50    0.00    0.00       -38.808     -38.601     -38.193      -0.207      -0.614      -0.408
      6200.00    2.50    0.00    0.00       -38.814     -38.561     -38.162      -0.253      -0.653      -0.399
      6200.00    3.00    0.00    0.00       -38.823     -38.577     -38.177      -0.246      -0.646      -0.400
      6200.00    3.50    0.00    0.00       -38.830     -38.592     -38.189      -0.238      -0.641      -0.403
      6200.00    4.00    0.00    0.00       -38.833     -38.601     -38.196      -0.231      -0.637      -0.406
      6200.00    4.50    0.00    0.00       -38.836     -38.610     -38.202      -0.226      -0.634      -0.407
      6200.00    5.00    0.00    0.00       -38.840     -38.617     -38.208      -0.223      -0.632      -0.409
      6200.00    5.50    0.00    0.00       -38.844     -38.623     -38.213      -0.221      -0.631      -0.410
      6300.00    2.50    0.00    0.00       -38.850     -38.581     -38.181      -0.269      -0.669      -0.400
      6300.00    3.00    0.00    0.00       -38.860     -38.597     -38.196      -0.262      -0.664      -0.402
      6300.00    3.50    0.00    0.00       -38.865     -38.612     -38.208      -0.253      -0.657      -0.404
      6300.00    4.00    0.00    0.00       -38.869     -38.622     -38.215      -0.247      -0.654      -0.407
      6300.00    4.50    0.00    0.00       -38.872     -38.631     -38.222      -0.241      -0.650      -0.409
      6300.00    5.00    0.00    0.00       -38.876     -38.639     -38.228      -0.237      -0.648      -0.411
      6300.00    5.50    0.00    0.00       -38.880     -38.646     -38.234      -0.235      -0.647      -0.412
      6400.00    2.50    0.00    0.00       -38.885     -38.600     -38.199      -0.284      -0.686      -0.401
      6400.00    3.00    0.00    0.00       -38.895     -38.617     -38.215      -0.278      -0.680      -0.402
      6400.00    3.50    0.00    0.00       -38.900     -38.631     -38.226      -0.269      -0.674      -0.406
      6400.00    4.00    0.00    0.00       -38.904     -38.643     -38.234      -0.261      -0.670      -0.409
      6400.00    4.50    0.00    0.00       -38.908     -38.653     -38.242      -0.255      -0.666      -0.411
      6400.00    5.00    0.00    0.00       -38.911     -38.661     -38.248      -0.250      -0.663      -0.413
      6400.00    5.50    0.00    0.00       -38.915     -38.668     -38.254      -0.247      -0.661      -0.414
      6500.00    2.50    0.00    0.00       -38.918     -38.617     -38.216      -0.301      -0.702      -0.401
      6500.00    3.00    0.00    0.00       -38.928     -38.636     -38.232      -0.292      -0.696      -0.404
      6500.00    3.50    0.00    0.00       -38.933     -38.650     -38.243      -0.283      -0.690      -0.406
      6500.00    4.00    0.00    0.00       -38.938     -38.663     -38.253      -0.276      -0.685      -0.409
      6500.00    4.50    0.00    0.00       -38.941     -38.672     -38.260      -0.269      -0.681      -0.412
      6500.00    5.00    0.00    0.00       -38.945     -38.681     -38.267      -0.263      -0.678      -0.415
      6500.00    5.50    0.00    0.00       -38.949     -38.690     -38.273      -0.259      -0.676      -0.416
      6600.00    2.50    0.00    0.00       -38.950     -38.640     -38.238      -0.310      -0.713      -0.403
      6600.00    3.00    0.00    0.00       -38.961     -38.655     -38.250      -0.306      -0.711      -0.405
      6600.00    3.50    0.00    0.00       -38.967     -38.668     -38.261      -0.299      -0.706      -0.407
      6600.00    4.00    0.00    0.00       -38.971     -38.682     -38.271      -0.290      -0.700      -0.410
      6600.00    4.50    0.00    0.00       -38.974     -38.692     -38.279      -0.282      -0.696      -0.413
      6600.00    5.00    0.00    0.00       -38.978     -38.702     -38.286      -0.276      -0.692      -0.416
      6600.00    5.50    0.00    0.00       -38.982     -38.711     -38.292      -0.271      -0.690      -0.419
      6700.00    2.50    0.00    0.00       -38.986     -38.664     -38.260      -0.322      -0.726      -0.404
      6700.00    3.00    0.00    0.00       -38.992     -38.672     -38.267      -0.320      -0.726      -0.406
      6700.00    3.50    0.00    0.00       -39.000     -38.686     -38.279      -0.313      -0.720      -0.407
      6700.00    4.00    0.00    0.00       -39.003     -38.701     -38.289      -0.303      -0.714      -0.411
      6700.00    4.50    0.00    0.00       -39.006     -38.710     -38.296      -0.295      -0.710      -0.415
      6700.00    5.00    0.00    0.00       -39.010     -38.722     -38.304      -0.288      -0.706      -0.418
      6700.00    5.50    0.00    0.00       -39.014     -38.731     -38.311      -0.282      -0.703      -0.420
      6800.00    2.50    0.00    0.00       -39.021     -38.686     -38.282      -0.335      -0.740      -0.405
      6800.00    3.00    0.00    0.00       -39.022     -38.688     -38.282      -0.334      -0.740      -0.406
      6800.00    3.50    0.00    0.00       -39.031     -38.704     -38.296      -0.327      -0.735      -0.408
      6800.00    4.00    0.00    0.00       -39.035     -38.719     -38.307      -0.316      -0.728      -0.412
      6800.00    4.50    0.00    0.00       -39.037     -38.730     -38.314      -0.308      -0.724      -0.416
      6800.00    5.00    0.00    0.00       -39.041     -38.740     -38.322      -0.301      -0.719      -0.418
      6800.00    5.50    0.00    0.00       -39.045     -38.751     -38.329      -0.294      -0.716      -0.422
      6900.00    2.50    0.00    0.00       -39.044     -38.695     -38.288      -0.350      -0.756      -0.407
      6900.00    3.00    0.00    0.00       -39.050     -38.706     -38.300      -0.345      -0.750      -0.406
      6900.00    3.50    0.00    0.00       -39.061     -38.721     -38.313      -0.340      -0.748      -0.409
      6900.00    4.00    0.00    0.00       -39.066     -38.736     -38.323      -0.330      -0.742      -0.412
      6900.00    4.50    0.00    0.00       -39.067     -38.747     -38.330      -0.321      -0.737      -0.416
      6900.00    5.00    0.00    0.00       -39.071     -38.759     -38.339      -0.312      -0.732      -0.420
      6900.00    5.50    0.00    0.00       -39.074     -38.769     -38.346      -0.306      -0.728      -0.423
      7000.00    2.50    0.00    0.00       -39.071     -38.710     -38.302      -0.362      -0.769      -0.408
      7000.00    3.00    0.00    0.00       -39.078     -38.722     -38.315      -0.356      -0.763      -0.407
      7000.00    3.50    0.00    0.00       -39.090     -38.738     -38.328      -0.352      -0.761      -0.410
      7000.00    4.00    0.00    0.00       -39.095     -38.751     -38.339      -0.344      -0.756      -0.412
      7000.00    4.50    0.00    0.00       -39.098     -38.764     -38.347      -0.334      -0.750      -0.417
      7000.00    5.00    0.00    0.00       -39.101     -38.777     -38.356      -0.324      -0.745      -0.421
      7000.00    5.50    0.00    0.00       -39.104     -38.788     -38.364      -0.316      -0.740      -0.424
