!  STARS, BROWN DWARFS, AND GAS GIANT PLANETS COLORS
!  
!  E(B-V) =     0.000
!     A_V =     0.000
!
!  "MAGNITUDES" m AT THE STELLAR SURFACE
!  (distance modulus factor not included)
!
!  ABSOLUTE MAGNITUDES: M_m = m - 5logR(pc) + 5
!
! Type of calibration used: AB
!
! Unless mentioned otherwise below, we calculate:
! Pogson magnitudes resulting from photon count integration (caracteristic of CCDs)
!
! Colours on the Johnson system : 
!
!        Teff    Logg   [M/H]   [a/H]             U           B           V           R           i       (R-I)       (I-J)       (J-K)       (K-L)      (K-LL)       (K-M)       (K-N)
      5777.00    4.44    0.00    0.00       -36.817     -37.946     -38.438     -38.647     -38.714     -38.714       0.067      -0.044      -0.587      -0.890      -0.843      -1.616      -3.001
      1200.00    2.50    0.00    0.00       -14.990     -20.419     -20.993     -26.636     -29.371     -29.371       2.735       1.825       1.693       0.565       0.507      -0.282      -0.338
      1200.00    3.00    0.00    0.00       -15.714     -21.080     -20.315     -26.749     -29.858     -29.858       3.109       1.789       1.330       0.572       0.477      -0.386      -0.408
      1200.00    3.50    0.00    0.00       -16.115     -21.535     -19.382     -26.654     -30.271     -30.271       3.617       1.781       0.735       0.585       0.406      -0.285      -0.288
      1200.00    4.00    0.00    0.00       -16.190     -21.628     -19.194     -26.562     -30.371     -30.371       3.808       1.789       0.620       0.501       0.270      -0.175      -0.253
      1200.00    4.50    0.00    0.00       -17.767     -22.435     -19.620     -26.713     -30.358     -30.358       3.646       1.734       0.706       0.388       0.099      -0.183      -0.276
      1200.00    5.00    0.00    0.00       -16.387     -21.681     -18.633     -26.223     -30.539     -30.539       4.317       1.949      -0.006       0.490       0.156       0.130      -0.060
      1200.00    5.50    0.00    0.00       -16.622     -22.035     -18.170     -25.982     -30.686     -30.686       4.704       2.014      -0.430       0.573       0.203       0.338       0.060
      1300.00    2.50    0.00    0.00       -15.534     -20.974     -22.703     -27.230     -29.680     -29.680       2.450       1.905       1.625       0.403       0.374      -0.296      -0.494
      1300.00    3.00    0.00    0.00       -15.839     -21.560     -21.929     -27.452     -30.395     -30.395       2.943       1.806       1.118       0.466       0.411      -0.367      -0.553
      1300.00    3.50    0.00    0.00       -16.585     -21.835     -21.505     -27.498     -30.441     -30.441       2.943       1.749       1.218       0.418       0.327      -0.443      -0.649
      1300.00    4.00    0.00    0.00       -16.923     -22.131     -20.753     -27.339     -30.639     -30.639       3.300       1.732       0.902       0.363       0.205      -0.445      -0.595
      1300.00    4.50    0.00    0.00       -17.779     -22.592     -21.132     -27.581     -30.743     -30.743       3.162       1.696       0.887       0.243       0.054      -0.498      -0.650
      1300.00    5.00    0.00    0.00       -17.636     -22.735     -20.455     -27.367     -30.976     -30.976       3.609       1.689       0.402       0.226      -0.106      -0.464      -0.553
      1300.00    5.50    0.00    0.00       -17.414     -22.800     -19.712     -26.872     -31.040     -31.040       4.168       1.811       0.048       0.371       0.060      -0.038      -0.349
      1400.00    3.00    0.00    0.00       -17.109     -22.540     -23.529     -28.213     -30.997     -30.997       2.784       1.852       0.832       0.323       0.272      -0.405      -0.772
      1400.00    3.50    0.00    0.00       -17.469     -22.743     -23.309     -28.322     -31.045     -31.045       2.723       1.800       0.903       0.321       0.273      -0.611      -0.858
      1400.00    4.00    0.00    0.00       -17.793     -22.755     -23.137     -28.309     -30.885     -30.885       2.576       1.708       1.184       0.148       0.045      -0.578      -0.889
      1400.00    4.50    0.00    0.00       -18.066     -22.966     -22.395     -28.153     -31.017     -31.017       2.864       1.689       1.028       0.210       0.104      -0.562      -0.866
      1400.00    5.00    0.00    0.00       -18.357     -23.176     -22.382     -28.230     -31.141     -31.141       2.911       1.696       0.869       0.065      -0.113      -0.776      -0.945
      1400.00    5.50    0.00    0.00       -18.068     -23.409     -21.091     -27.633     -31.355     -31.355       3.722       1.728       0.332       0.214      -0.029      -0.332      -0.687
      1500.00    2.50    0.00    0.00       -18.038     -22.432     -25.069     -28.036     -30.398     -30.398       2.362       2.127       1.150       0.298       0.266      -0.027      -0.630
      1500.00    3.00    0.00    0.00       -16.056     -21.221     -24.360     -27.545     -29.745     -29.745       2.200       2.282       1.713       0.451       0.419       0.252      -0.424
      1500.00    3.50    0.00    0.00       -15.942     -21.177     -24.391     -27.554     -29.683     -29.683       2.129       2.273       1.894       0.564       0.538       0.330      -0.460
      1500.00    4.00    0.00    0.00       -18.096     -23.017     -25.346     -28.737     -30.794     -30.794       2.057       1.889       1.495       0.406       0.365      -0.238      -0.882
      1500.00    4.50    0.00    0.00       -18.438     -23.317     -25.065     -28.906     -31.044     -31.044       2.138       1.812       1.313       0.262       0.233      -0.473      -0.972
      1500.00    5.00    0.00    0.00       -18.814     -23.610     -23.749     -28.739     -31.267     -31.267       2.528       1.728       1.056       0.095       0.018      -0.746      -1.066
      1500.00    5.50    0.00    0.00       -19.047     -23.939     -23.179     -28.650     -31.449     -31.449       2.799       1.700       0.916       0.044      -0.065      -0.660      -1.086
      1550.00    5.00    0.00    0.00       -18.689     -23.489     -24.855     -28.971     -31.191     -31.191       2.220       1.800       1.242       0.287       0.239      -0.546      -1.047
      1550.00    5.50    0.00    0.00       -19.192     -24.020     -24.093     -28.967     -31.466     -31.466       2.499       1.723       1.042       0.080       0.017      -0.652      -1.134
      1600.00    2.50    0.00    0.00       -19.210     -23.341     -25.744     -28.682     -31.240     -31.240       2.557       2.072       0.763       0.126       0.086      -0.330      -0.986
      1600.00    3.00    0.00    0.00       -16.738     -21.576     -24.452     -27.649     -30.036     -30.036       2.387       2.294       1.617       0.462       0.425       0.135      -0.620
      1600.00    3.50    0.00    0.00       -15.307     -20.677     -24.001     -27.345     -29.627     -29.627       2.282       2.476       2.089       0.413       0.384       0.051      -0.789
      1600.00    4.00    0.00    0.00       -18.420     -23.257     -25.656     -28.892     -31.014     -31.014       2.122       1.969       1.394       0.344       0.306      -0.309      -1.024
      1600.00    4.50    0.00    0.00       -18.641     -23.538     -25.567     -29.077     -31.166     -31.166       2.089       1.893       1.374       0.304       0.261      -0.533      -1.150
      1600.00    5.00    0.00    0.00       -18.898     -23.688     -25.247     -29.121     -31.245     -31.245       2.124       1.789       1.296       0.305       0.264      -0.530      -1.089
      1600.00    5.50    0.00    0.00       -19.236     -24.115     -24.665     -29.148     -31.521     -31.521       2.373       1.746       1.074       0.131       0.097      -0.595      -1.148
      1650.00    5.00    0.00    0.00       -19.067     -23.872     -25.525     -29.268     -31.386     -31.386       2.117       1.838       1.319       0.295       0.249      -0.644      -1.256
      1650.00    5.50    0.00    0.00       -19.314     -24.268     -24.677     -29.241     -31.714     -31.714       2.473       1.750       0.915       0.106       0.044      -0.716      -1.219
      1700.00    2.50    0.00    0.00       -14.908     -19.708     -22.840     -26.692     -29.708     -29.708       3.016       2.744       1.611       0.260       0.226      -0.101      -0.934
      1700.00    3.00    0.00    0.00       -16.242     -21.044     -23.880     -27.373     -30.218     -30.218       2.845       2.713       1.561       0.138       0.103      -0.282      -1.139
      1700.00    3.50    0.00    0.00       -15.217     -20.820     -24.139     -27.575     -30.200     -30.200       2.624       2.776       1.579       0.153       0.121      -0.277      -1.138
      1700.00    4.00    0.00    0.00       -18.094     -23.064     -25.784     -28.830     -31.093     -31.093       2.263       2.300       1.312       0.089       0.056      -0.503      -1.292
      1700.00    4.50    0.00    0.00       -18.800     -23.744     -25.773     -29.224     -31.442     -31.442       2.218       2.039       1.161       0.164       0.124      -0.675      -1.328
      1700.00    5.00    0.00    0.00       -19.183     -24.028     -25.744     -29.400     -31.561     -31.561       2.161       1.895       1.225       0.203       0.162      -0.717      -1.363
      1700.00    5.50    0.00    0.00       -19.767     -24.898     -25.406     -29.729     -32.112     -32.112       2.382       1.623       0.824       0.069       0.033      -0.754      -1.321
      1750.00    5.00    0.00    0.00       -19.211     -24.069     -25.903     -29.486     -31.688     -31.688       2.203       1.968       1.106       0.144       0.106      -0.746      -1.421
      1750.00    5.50    0.00    0.00       -19.878     -25.132     -25.664     -29.918     -32.331     -32.331       2.413       1.625       0.701       0.075       0.032      -0.825      -1.400
      1800.00    2.50    0.00    0.00       -19.564     -22.638     -24.876     -28.121     -30.960     -30.960       2.839       2.213       0.970       0.148       0.108      -0.248      -1.094
      1800.00    3.00    0.00    0.00       -18.678     -22.477     -24.767     -28.082     -30.889     -30.889       2.807       2.407       1.276       0.095       0.056      -0.362      -1.220
      1800.00    3.50    0.00    0.00       -17.609     -22.775     -25.423     -28.780     -31.527     -31.527       2.747       2.293       0.942       0.016      -0.017      -0.459      -1.331
      1800.00    4.00    0.00    0.00       -18.809     -23.844     -26.233     -29.338     -31.842     -31.842       2.504       2.167       0.818      -0.006      -0.043      -0.659      -1.430
      1800.00    4.50    0.00    0.00       -18.815     -23.915     -26.212     -29.373     -31.772     -31.772       2.399       2.152       0.903       0.046       0.014      -0.635      -1.411
      1800.00    5.00    0.00    0.00       -19.412     -24.338     -26.153     -29.673     -31.968     -31.968       2.295       2.010       0.898       0.062       0.026      -0.808      -1.511
      1800.00    5.50    0.00    0.00       -19.918     -25.210     -25.773     -30.028     -32.555     -32.555       2.527       1.674       0.472       0.056       0.016      -0.840      -1.430
      1850.00    5.00    0.00    0.00       -19.348     -24.322     -26.164     -29.717     -32.141     -32.141       2.424       2.068       0.699       0.018      -0.022      -0.892      -1.560
      1850.00    5.50    0.00    0.00       -20.053     -25.452     -25.940     -30.193     -32.785     -32.785       2.593       1.700       0.316       0.050       0.002      -0.922      -1.520
      1900.00    2.50    0.00    0.00       -19.540     -21.868     -23.917     -27.760     -30.972     -30.972       3.212       2.491       0.963      -0.031      -0.072      -0.470      -1.343
      1900.00    3.00    0.00    0.00       -19.605     -22.970     -25.195     -28.720     -31.756     -31.756       3.036       2.325       0.722      -0.059      -0.098      -0.549      -1.422
      1900.00    3.50    0.00    0.00       -19.273     -23.666     -25.884     -29.273     -32.149     -32.149       2.876       2.190       0.600      -0.091      -0.131      -0.638      -1.507
      1900.00    4.00    0.00    0.00       -18.937     -23.773     -26.221     -29.391     -32.122     -32.122       2.731       2.215       0.662      -0.067      -0.101      -0.631      -1.511
      1900.00    4.50    0.00    0.00       -19.071     -24.066     -26.459     -29.647     -32.266     -32.266       2.619       2.197       0.538      -0.058      -0.094      -0.763      -1.561
      1900.00    5.00    0.00    0.00       -19.367     -24.402     -26.243     -29.784     -32.362     -32.362       2.579       2.145       0.457      -0.017      -0.057      -0.914      -1.601
      1900.00    5.50    0.00    0.00       -20.101     -25.474     -26.045     -30.243     -32.842     -32.842       2.599       1.710       0.262       0.038      -0.009      -0.929      -1.526
      1950.00    5.00    0.00    0.00       -19.522     -24.543     -26.511     -29.948     -32.522     -32.522       2.574       2.081       0.461      -0.054      -0.092      -0.917      -1.655
      1950.00    5.50    0.00    0.00       -20.222     -25.556     -26.187     -30.358     -33.027     -33.027       2.669       1.733       0.140       0.011      -0.036      -0.967      -1.591
      2000.00    2.50    0.00    0.00       -24.052     -25.207     -26.513     -29.898     -32.830     -32.830       2.932       1.991       0.289      -0.193      -0.238      -0.695      -1.601
      2000.00    3.00    0.00    0.00       -21.230     -24.126     -26.080     -29.610     -32.554     -32.554       2.944       2.095       0.444      -0.160      -0.203      -0.709      -1.594
      2000.00    3.50    0.00    0.00       -19.356     -23.292     -25.649     -29.447     -32.476     -32.476       3.029       2.160       0.483      -0.149      -0.189      -0.720      -1.614
      2000.00    4.00    0.00    0.00       -19.347     -23.914     -26.361     -29.882     -32.805     -32.805       2.923       2.004       0.352      -0.159      -0.198      -0.817      -1.676
      2000.00    4.50    0.00    0.00       -19.267     -24.172     -26.584     -30.024     -32.933     -32.933       2.909       1.965       0.261      -0.135      -0.173      -0.860      -1.689
      2000.00    5.00    0.00    0.00       -19.474     -24.343     -26.437     -29.939     -32.493     -32.493       2.554       2.083       0.494      -0.055      -0.092      -0.914      -1.657
      2000.00    5.50    0.00    0.00       -20.150     -25.241     -26.325     -30.515     -33.185     -33.185       2.669       1.713       0.097      -0.012      -0.052      -0.967      -1.637
      2050.00    2.50    0.00    0.00       -24.481     -25.506     -26.380     -29.970     -32.947     -32.947       2.977       1.986       0.283      -0.222      -0.266      -0.736      -1.666
      2050.00    3.00    0.00    0.00       -23.464     -25.290     -26.650     -30.074     -32.968     -32.968       2.894       1.963       0.294      -0.219      -0.262      -0.779      -1.690
      2050.00    3.50    0.00    0.00       -20.499     -24.039     -26.154     -29.881     -32.818     -32.818       2.937       2.031       0.374      -0.192      -0.231      -0.770      -1.685
      2050.00    4.00    0.00    0.00       -20.183     -24.583     -26.668     -30.133     -32.961     -32.961       2.828       1.962       0.304      -0.191      -0.231      -0.866      -1.730
      2050.00    4.50    0.00    0.00       -19.542     -24.629     -26.841     -30.239     -33.009     -33.009       2.770       1.945       0.241      -0.156      -0.194      -0.881      -1.716
      2050.00    5.00    0.00    0.00       -19.872     -24.939     -26.916     -30.393     -33.103     -33.103       2.710       1.929       0.175      -0.127      -0.165      -0.986      -1.759
      2100.00    2.50    0.00    0.00       -24.968     -25.895     -26.640     -30.172     -33.095     -33.095       2.923       1.934       0.232      -0.240      -0.283      -0.755      -1.696
      2100.00    3.00    0.00    0.00       -23.369     -25.129     -26.463     -30.074     -32.983     -32.983       2.909       1.962       0.315      -0.220      -0.260      -0.768      -1.697
      2100.00    3.50    0.00    0.00       -22.007     -25.049     -26.851     -30.330     -33.141     -33.141       2.811       1.886       0.257      -0.223      -0.261      -0.805      -1.730
      2100.00    4.00    0.00    0.00       -21.091     -25.284     -27.145     -30.500     -33.252     -33.252       2.752       1.836       0.186      -0.217      -0.257      -0.899      -1.768
      2100.00    4.50    0.00    0.00       -19.673     -24.395     -26.756     -30.395     -33.297     -33.297       2.902       1.830       0.191      -0.202      -0.239      -0.928      -1.800
      2100.00    5.00    0.00    0.00       -19.935     -24.907     -26.925     -30.547     -33.270     -33.270       2.723       1.856       0.108      -0.144      -0.181      -1.008      -1.783
      2100.00    5.50    0.00    0.00       -20.238     -25.688     -26.494     -30.682     -33.520     -33.520       2.838       1.715      -0.141      -0.057      -0.107      -1.094      -1.750
      2150.00    2.50    0.00    0.00       -25.309     -26.267     -26.653     -30.306     -33.215     -33.215       2.909       1.908       0.241      -0.265      -0.305      -0.776      -1.754
      2150.00    3.00    0.00    0.00       -24.431     -25.909     -26.802     -30.407     -33.263     -33.263       2.856       1.871       0.250      -0.265      -0.303      -0.817      -1.779
      2150.00    3.50    0.00    0.00       -23.331     -25.747     -27.157     -30.637     -33.396     -33.396       2.759       1.795       0.202      -0.264      -0.301      -0.858      -1.805
      2150.00    4.00    0.00    0.00       -21.846     -25.455     -27.194     -30.703     -33.452     -33.452       2.749       1.784       0.166      -0.260      -0.296      -0.924      -1.842
      2150.00    4.50    0.00    0.00       -20.359     -25.106     -27.134     -30.633     -33.386     -33.386       2.753       1.815       0.180      -0.230      -0.266      -0.956      -1.843
      2150.00    5.00    0.00    0.00       -19.999     -25.149     -27.211     -30.684     -33.387     -33.387       2.703       1.811       0.134      -0.181      -0.217      -1.008      -1.833
      2200.00    2.50    0.00    0.00       -25.855     -26.759     -27.051     -30.649     -33.476     -33.476       2.827       1.808       0.144      -0.290      -0.329      -0.802      -1.798
      2200.00    3.00    0.00    0.00       -24.995     -26.388     -27.195     -30.737     -33.498     -33.498       2.761       1.774       0.173      -0.284      -0.319      -0.827      -1.809
      2200.00    3.50    0.00    0.00       -23.753     -26.131     -27.438     -30.852     -33.546     -33.546       2.694       1.739       0.167      -0.281      -0.315      -0.866      -1.834
      2200.00    4.00    0.00    0.00       -22.622     -25.936     -27.514     -30.912     -33.599     -33.599       2.687       1.723       0.130      -0.277      -0.312      -0.935      -1.869
      2200.00    4.50    0.00    0.00       -19.957     -24.580     -26.939     -30.758     -33.594     -33.594       2.836       1.719       0.136      -0.250      -0.284      -0.951      -1.875
      2200.00    5.00    0.00    0.00       -19.764     -24.755     -27.135     -30.785     -33.528     -33.528       2.743       1.782       0.124      -0.221      -0.255      -1.001      -1.884
      2200.00    5.50    0.00    0.00       -20.315     -25.481     -26.764     -30.833     -33.514     -33.514       2.681       1.644       0.016      -0.078      -0.117      -1.064      -1.769
      2250.00    2.50    0.00    0.00       -26.325     -27.248     -27.380     -30.950     -33.693     -33.693       2.743       1.731       0.104      -0.316      -0.350      -0.826      -1.853
      2250.00    3.00    0.00    0.00       -25.821     -27.115     -27.623     -31.123     -33.792     -33.792       2.669       1.663       0.108      -0.324      -0.357      -0.862      -1.883
      2250.00    3.50    0.00    0.00       -24.699     -26.723     -27.749     -31.184     -33.805     -33.805       2.621       1.647       0.120      -0.318      -0.349      -0.893      -1.900
      2250.00    4.00    0.00    0.00       -23.425     -26.474     -27.825     -31.222     -33.848     -33.848       2.626       1.626       0.077      -0.316      -0.350      -0.980      -1.939
      2250.00    4.50    0.00    0.00       -21.629     -26.037     -27.771     -31.181     -33.824     -33.824       2.644       1.640       0.056      -0.288      -0.322      -0.995      -1.930
      2250.00    5.00    0.00    0.00       -20.267     -25.428     -27.524     -31.042     -33.717     -33.717       2.676       1.702       0.090      -0.251      -0.283      -1.028      -1.930
      2300.00    2.50    0.00    0.00       -27.067     -27.878     -27.912     -31.307     -33.935     -33.935       2.629       1.636       0.030      -0.339      -0.370      -0.846      -1.892
      2300.00    3.00    0.00    0.00       -26.451     -27.631     -28.030     -31.385     -33.972     -33.972       2.586       1.592       0.055      -0.341      -0.372      -0.873      -1.912
      2300.00    3.50    0.00    0.00       -25.242     -27.149     -28.108     -31.400     -33.944     -33.944       2.543       1.588       0.085      -0.330      -0.359      -0.896      -1.919
      2300.00    4.00    0.00    0.00       -24.025     -26.794     -28.050     -31.394     -33.958     -33.958       2.564       1.585       0.069      -0.329      -0.359      -0.971      -1.957
      2300.00    4.50    0.00    0.00       -22.823     -26.494     -28.069     -31.628     -34.225     -34.225       2.597       1.454      -0.055      -0.330      -0.362      -1.038      -2.002
      2300.00    5.00    0.00    0.00       -25.246     -26.116     -27.946     -31.413     -34.013     -34.013       2.600       1.568      -0.010      -0.282      -0.312      -1.058      -1.974
      2300.00    5.50    0.00    0.00       -20.938     -26.126     -27.603     -31.577     -34.367     -34.367       2.790       1.390      -0.273      -0.213      -0.247      -1.214      -1.993
      2350.00    2.50    0.00    0.00       -26.736     -27.755     -27.801     -31.350     -33.978     -33.978       2.628       1.626       0.051      -0.352      -0.383      -0.866      -1.932
      2350.00    3.00    0.00    0.00       -26.871     -28.090     -28.353     -31.656     -34.167     -34.167       2.511       1.522       0.030      -0.370      -0.399      -0.907      -1.972
      2350.00    3.50    0.00    0.00       -25.917     -27.698     -28.407     -31.692     -34.170     -34.170       2.478       1.506       0.050      -0.365      -0.392      -0.932      -1.986
      2350.00    4.00    0.00    0.00       -24.913     -27.411     -28.443     -31.717     -34.195     -34.195       2.478       1.493       0.032      -0.364      -0.392      -0.993      -2.017
      2350.00    4.50    0.00    0.00       -23.301     -26.978     -28.359     -31.682     -34.178     -34.178       2.495       1.495       0.028      -0.348      -0.376      -1.038      -2.031
      2350.00    5.00    0.00    0.00       -21.868     -26.741     -28.311     -31.670     -34.226     -34.226       2.556       1.490      -0.063      -0.321      -0.353      -1.116      -2.046
      2400.00    2.50    0.00    0.00       -27.709     -28.604     -28.448     -31.736     -34.252     -34.252       2.516       1.525      -0.032      -0.386      -0.416      -0.903      -1.985
      2400.00    3.00    0.00    0.00       -27.188     -28.393     -28.645     -31.845     -34.287     -34.287       2.442       1.471       0.005      -0.381      -0.407      -0.914      -1.993
      2400.00    3.50    0.00    0.00       -26.511     -28.170     -28.834     -31.943     -34.319     -34.319       2.375       1.437       0.026      -0.376      -0.398      -0.927      -2.003
      2400.00    4.00    0.00    0.00       -25.465     -27.808     -28.763     -31.919     -34.322     -34.322       2.403       1.438       0.013      -0.377      -0.402      -0.991      -2.036
      2400.00    4.50    0.00    0.00       -24.031     -27.169     -28.544     -32.001     -34.453     -34.453       2.452       1.374      -0.069      -0.368      -0.394      -1.047      -2.059
      2400.00    5.00    0.00    0.00       -22.599     -26.790     -28.441     -31.873     -34.343     -34.343       2.469       1.432      -0.049      -0.343      -0.370      -1.108      -2.073
      2400.00    5.50    0.00    0.00       -21.809     -26.727     -28.264     -31.895     -34.401     -34.401       2.506       1.406      -0.129      -0.296      -0.325      -1.245      -2.102
      2500.00    2.50    0.00    0.00       -28.308     -29.262     -29.043     -32.161     -34.551     -34.551       2.391       1.427      -0.090      -0.435      -0.462      -0.959      -2.076
      2500.00    3.00    0.00    0.00       -27.946     -29.168     -29.372     -32.341     -34.611     -34.611       2.270       1.345      -0.041      -0.419      -0.439      -0.943      -2.067
      2500.00    3.50    0.00    0.00       -27.393     -28.979     -29.510     -32.416     -34.638     -34.638       2.222       1.309      -0.019      -0.416      -0.433      -0.963      -2.079
      2500.00    4.00    0.00    0.00       -26.637     -28.701     -29.439     -32.393     -34.641     -34.641       2.247       1.302      -0.021      -0.418      -0.437      -1.016      -2.110
      2500.00    4.50    0.00    0.00       -25.505     -28.342     -29.388     -32.382     -34.642     -34.642       2.260       1.306      -0.036      -0.410      -0.430      -1.060      -2.127
      2500.00    5.00    0.00    0.00       -24.097     -27.666     -29.069     -32.347     -34.661     -34.661       2.314       1.303      -0.073      -0.397      -0.419      -1.126      -2.152
      2500.00    5.50    0.00    0.00       -23.095     -27.801     -29.220     -32.338     -34.669     -34.669       2.332       1.298      -0.110      -0.362      -0.385      -1.219      -2.174
      2600.00    2.50    0.00    0.00       -28.721     -29.766     -29.559     -32.520     -34.798     -34.798       2.279       1.352      -0.116      -0.492      -0.516      -1.021      -2.172
      2600.00    3.00    0.00    0.00       -28.534     -29.805     -29.953     -32.740     -34.889     -34.889       2.149       1.244      -0.085      -0.462      -0.479      -0.993      -2.148
      2600.00    3.50    0.00    0.00       -28.114     -29.693     -30.163     -32.848     -34.923     -34.923       2.076       1.194      -0.053      -0.452      -0.466      -0.997      -2.149
      2600.00    4.00    0.00    0.00       -27.497     -29.457     -30.163     -32.858     -34.930     -34.930       2.072       1.182      -0.047      -0.450      -0.463      -1.025      -2.164
      2600.00    4.50    0.00    0.00       -26.479     -28.877     -29.843     -32.901     -35.000     -35.000       2.099       1.150      -0.091      -0.449      -0.463      -1.074      -2.191
      2600.00    5.00    0.00    0.00       -25.391     -28.502     -29.714     -32.790     -34.938     -34.938       2.148       1.185      -0.079      -0.440      -0.455      -1.131      -2.214
      2600.00    5.50    0.00    0.00       -24.221     -28.102     -29.558     -32.722     -34.933     -34.933       2.211       1.196      -0.110      -0.418      -0.434      -1.185      -2.228
      2700.00    2.50    0.00    0.00       -29.071     -30.195     -30.044     -32.838     -35.008     -35.008       2.171       1.289      -0.117      -0.554      -0.578      -1.090      -2.268
      2700.00    3.00    0.00    0.00       -29.042     -30.392     -30.544     -33.132     -35.155     -35.155       2.023       1.151      -0.113      -0.511      -0.526      -1.047      -2.235
      2700.00    3.50    0.00    0.00       -28.710     -30.311     -30.790     -33.249     -35.184     -35.184       1.936       1.094      -0.085      -0.487      -0.497      -1.029      -2.213
      2700.00    4.00    0.00    0.00       -28.226     -30.135     -30.818     -33.270     -35.194     -35.194       1.924       1.074      -0.073      -0.483      -0.492      -1.049      -2.223
      2700.00    4.50    0.00    0.00       -27.841     -30.152     -31.019     -33.410     -35.287     -35.287       1.878       1.029      -0.077      -0.492      -0.499      -1.091      -2.261
      2700.00    5.00    0.00    0.00       -26.592     -29.587     -30.660     -33.234     -35.198     -35.198       1.964       1.071      -0.087      -0.476      -0.485      -1.132      -2.263
      2700.00    5.50    0.00    0.00       -25.492     -28.922     -30.267     -33.293     -35.322     -35.322       2.029       1.022      -0.173      -0.463      -0.473      -1.181      -2.282
      2800.00    2.50    0.00    0.00       -29.337     -30.583     -30.555     -33.159     -35.208     -35.208       2.049       1.221      -0.095      -0.616      -0.636      -1.165      -2.369
      2800.00    3.00    0.00    0.00       -29.402     -30.805     -30.994     -33.426     -35.352     -35.352       1.926       1.092      -0.125      -0.559      -0.573      -1.103      -2.315
      2800.00    3.50    0.00    0.00       -29.226     -30.862     -31.344     -33.604     -35.421     -35.421       1.817       1.008      -0.109      -0.527      -0.533      -1.071      -2.283
      2800.00    4.00    0.00    0.00       -28.873     -30.767     -31.445     -33.658     -35.443     -35.443       1.785       0.975      -0.096      -0.517      -0.522      -1.078      -2.283
      2800.00    4.50    0.00    0.00       -28.205     -30.382     -31.305     -33.731     -35.488     -35.488       1.756       0.942      -0.108      -0.511      -0.515      -1.098      -2.290
      2800.00    5.00    0.00    0.00       -27.705     -30.439     -31.489     -33.710     -35.474     -35.474       1.764       0.944      -0.088      -0.509      -0.511      -1.137      -2.313
      2800.00    5.50    0.00    0.00       -26.573     -29.724     -30.979     -33.594     -35.457     -35.457       1.862       0.969      -0.117      -0.502      -0.507      -1.191      -2.334
      2900.00    2.50    0.00    0.00       -29.549     -30.914     -30.998     -33.436     -35.378     -35.378       1.942       1.166      -0.058      -0.677      -0.695      -1.244      -8.973
      2900.00    3.00    0.00    0.00       -29.685     -31.132     -31.292     -33.637     -35.510     -35.510       1.873       1.057      -0.125      -0.620      -0.634      -1.178      -2.408
      2900.00    3.50    0.00    0.00       -29.594     -31.237     -31.671     -33.836     -35.597     -35.597       1.761       0.960      -0.133      -0.570      -0.577      -1.124      -2.354
      2900.00    4.00    0.00    0.00       -29.351     -31.247     -31.917     -33.962     -35.647     -35.647       1.685       0.904      -0.120      -0.552      -0.554      -1.115      -2.341
      2900.00    4.50    0.00    0.00       -28.939     -31.149     -32.013     -34.016     -35.668     -35.668       1.653       0.875      -0.110      -0.542      -0.542      -1.127      -2.344
      2900.00    5.00    0.00    0.00       -28.216     -30.723     -31.774     -34.004     -35.681     -35.681       1.677       0.870      -0.115      -0.541      -0.542      -1.165      -2.365
      2900.00    5.50    0.00    0.00       -27.425     -30.398     -31.608     -33.967     -35.686     -35.686       1.719       0.874      -0.129      -0.536      -0.537      -1.209      -2.385
      3000.00    2.50    0.00    0.00       -29.754     -31.271     -31.525     -33.755     -35.563     -35.563       1.808       1.096      -0.012      -0.724      -0.735      -1.314      -2.562
      3000.00    3.00    0.00    0.00       -29.940     -31.510     -31.768     -33.929     -35.691     -35.691       1.762       0.997      -0.094      -0.675      -0.686      -1.251      -2.503
      3000.00    3.50    0.00    0.00       -29.980     -31.685     -32.111     -34.123     -35.796     -35.796       1.673       0.897      -0.132      -0.621      -0.627      -1.190      -2.444
      3000.00    4.00    0.00    0.00       -29.837     -31.739     -32.374     -34.258     -35.852     -35.852       1.594       0.834      -0.135      -0.592      -0.593      -1.163      -2.413
      3000.00    4.50    0.00    0.00       -29.523     -31.677     -32.506     -34.322     -35.869     -35.869       1.548       0.799      -0.125      -0.572      -0.570      -1.159      -2.400
      3000.00    5.00    0.00    0.00       -28.922     -31.321     -32.317     -34.333     -35.895     -35.895       1.562       0.790      -0.132      -0.575      -0.572      -1.196      -2.424
      3000.00    5.50    0.00    0.00       -28.155     -30.991     -32.134     -34.290     -35.895     -35.895       1.605       0.794      -0.145      -0.571      -0.569      -1.241      -2.445
      3100.00    2.50    0.00    0.00       -29.885     -31.684     -32.088     -34.086     -35.749     -35.749       1.663       1.018       0.029      -0.754      -0.756      -1.369      -2.633
      3100.00    3.00    0.00    0.00       -30.132     -31.950     -32.326     -34.252     -35.874     -35.874       1.622       0.919      -0.054      -0.716      -0.720      -1.311      -2.580
      3100.00    3.50    0.00    0.00       -30.279     -32.168     -32.627     -34.430     -35.984     -35.984       1.554       0.818      -0.114      -0.660      -0.662      -1.243      -2.515
      3100.00    4.00    0.00    0.00       -30.223     -32.260     -32.912     -34.573     -36.035     -36.035       1.462       0.753      -0.127      -0.619      -0.616      -1.196      -2.463
      3100.00    4.50    0.00    0.00       -30.040     -32.299     -33.119     -34.682     -36.071     -36.071       1.389       0.716      -0.127      -0.602      -0.596      -1.186      -2.446
      3100.00    5.00    0.00    0.00       -29.675     -32.206     -33.127     -34.683     -36.069     -36.069       1.386       0.707      -0.128      -0.592      -0.585      -1.200      -2.448
      3100.00    5.50    0.00    0.00       -29.207     -32.101     -33.141     -34.699     -36.077     -36.077       1.379       0.701      -0.131      -0.587      -0.579      -1.226      -2.458
      3200.00    2.50    0.00    0.00       -30.065     -32.003     -32.477     -34.336     -35.905     -35.905       1.570       0.961       0.072      -0.784      -0.778      -1.432      -2.705
      3200.00    3.00    0.00    0.00       -30.331     -32.265     -32.722     -34.497     -36.024     -36.024       1.527       0.871      -0.013      -0.757      -0.755      -1.380      -2.662
      3200.00    3.50    0.00    0.00       -30.539     -32.499     -33.014     -34.674     -36.139     -36.139       1.465       0.771      -0.090      -0.703      -0.700      -1.307      -2.594
      3200.00    4.00    0.00    0.00       -30.545     -32.617     -33.300     -34.825     -36.198     -36.198       1.373       0.704      -0.121      -0.659      -0.653      -1.250      -2.533
      3200.00    4.50    0.00    0.00       -30.441     -32.678     -33.532     -34.949     -36.233     -36.233       1.285       0.660      -0.129      -0.630      -0.620      -1.220      -2.496
      3200.00    5.00    0.00    0.00       -30.171     -32.621     -33.573     -34.968     -36.234     -36.234       1.266       0.646      -0.133      -0.615      -0.605      -1.221      -2.487
      3200.00    5.50    0.00    0.00       -29.830     -32.572     -33.639     -35.015     -36.254     -36.254       1.239       0.635      -0.136      -0.611      -0.599      -1.240      -2.494
      3300.00    2.50    0.00    0.00       -30.269     -32.356     -32.883     -34.594     -36.072     -36.072       1.479       0.893       0.107      -0.804      -0.789      -1.491      -2.765
      3300.00    3.00    0.00    0.00       -30.519     -32.582     -33.122     -34.742     -36.170     -36.170       1.428       0.822       0.029      -0.787      -0.777      -1.442      -2.728
      3300.00    3.50    0.00    0.00       -30.754     -32.802     -33.380     -34.903     -36.279     -36.279       1.376       0.732      -0.058      -0.742      -0.734      -1.371      -2.667
      3300.00    4.00    0.00    0.00       -30.831     -32.951     -33.684     -35.074     -36.349     -36.349       1.275       0.655      -0.108      -0.688      -0.678      -1.296      -2.590
      3300.00    4.50    0.00    0.00       -30.787     -33.019     -33.887     -35.186     -36.385     -36.385       1.198       0.613      -0.129      -0.660      -0.647      -1.262      -2.551
      3300.00    5.00    0.00    0.00       -30.606     -33.009     -33.978     -35.239     -36.400     -36.400       1.160       0.592      -0.141      -0.644      -0.631      -1.255      -2.537
      3300.00    5.50    0.00    0.00       -30.332     -32.963     -34.041     -35.282     -36.408     -36.408       1.126       0.581      -0.143      -0.633      -0.618      -1.260      -2.529
      3400.00    2.50    0.00    0.00       -30.503     -32.750     -33.336     -34.871     -36.251     -36.251       1.380       0.812       0.125      -0.812      -0.789      -1.539      -2.811
      3400.00    3.00    0.00    0.00       -30.726     -32.920     -33.534     -34.994     -36.321     -36.321       1.326       0.766       0.059      -0.807      -0.789      -1.497      -2.783
      3400.00    3.50    0.00    0.00       -30.985     -33.107     -33.722     -35.119     -36.417     -36.417       1.298       0.692      -0.031      -0.776      -0.762      -1.434      -2.736
      3400.00    4.00    0.00    0.00       -31.080     -33.264     -34.052     -35.313     -36.489     -36.489       1.176       0.613      -0.088      -0.715      -0.700      -1.347      -2.645
      3400.00    4.50    0.00    0.00       -31.101     -33.350     -34.250     -35.432     -36.531     -36.531       1.099       0.568      -0.121      -0.686      -0.670      -1.306      -2.603
      3400.00    5.00    0.00    0.00       -30.976     -33.333     -34.325     -35.475     -36.535     -36.535       1.060       0.547      -0.141      -0.664      -0.647      -1.280      -2.572
      3400.00    5.50    0.00    0.00       -30.805     -33.344     -34.428     -35.548     -36.564     -36.564       1.016       0.531      -0.149      -0.658      -0.640      -1.287      -2.570
      3500.00    2.50    0.00    0.00       -30.756     -33.163     -33.824     -35.162     -36.431     -36.431       1.269       0.730       0.121      -0.814      -0.784      -1.574      -2.841
      3500.00    3.00    0.00    0.00       -30.930     -33.288     -34.012     -35.281     -36.476     -36.476       1.194       0.697       0.080      -0.817      -0.791      -1.541      -2.820
      3500.00    3.50    0.00    0.00       -31.107     -33.433     -34.239     -35.434     -36.548     -36.548       1.114       0.637       0.009      -0.786      -0.763      -1.473      -2.759
      3500.00    4.00    0.00    0.00       -31.304     -33.561     -34.400     -35.543     -36.620     -36.620       1.077       0.575      -0.067      -0.742      -0.721      -1.401      -2.700
      3500.00    4.50    0.00    0.00       -31.370     -33.638     -34.568     -35.651     -36.658     -36.658       1.008       0.529      -0.114      -0.705      -0.685      -1.343      -2.644
      3500.00    5.00    0.00    0.00       -31.315     -33.650     -34.655     -35.707     -36.674     -36.674       0.966       0.505      -0.142      -0.685      -0.665      -1.315      -2.614
      3500.00    5.50    0.00    0.00       -31.186     -33.656     -34.740     -35.769     -36.695     -36.695       0.926       0.490      -0.155      -0.677      -0.656      -1.313      -2.605
      3600.00    2.50    0.00    0.00       -30.995     -33.598     -34.420     -35.516     -36.604     -36.604       1.088       0.638       0.113      -0.811      -0.775      -1.595      -2.850
      3600.00    3.00    0.00    0.00       -31.165     -33.672     -34.504     -35.584     -36.631     -36.631       1.047       0.625       0.085      -0.821      -0.788      -1.576      -2.848
      3600.00    3.50    0.00    0.00       -31.318     -33.754     -34.624     -35.679     -36.678     -36.678       0.999       0.590       0.027      -0.804      -0.776      -1.524      -2.807
      3600.00    4.00    0.00    0.00       -31.517     -33.851     -34.736     -35.767     -36.744     -36.744       0.977       0.539      -0.048      -0.768      -0.742      -1.457      -2.755
      3600.00    4.50    0.00    0.00       -31.627     -33.930     -34.891     -35.877     -36.788     -36.788       0.911       0.491      -0.105      -0.726      -0.701      -1.388      -2.689
      3600.00    5.00    0.00    0.00       -31.627     -33.963     -34.978     -35.941     -36.815     -36.815       0.874       0.466      -0.142      -0.709      -0.685      -1.358      -2.662
      3600.00    5.50    0.00    0.00       -31.549     -33.958     -35.044     -35.990     -36.825     -36.825       0.834       0.451      -0.159      -0.694      -0.669      -1.339      -2.638
      3700.00    2.50    0.00    0.00       -31.234     -33.976     -34.931     -35.845     -36.748     -36.748       0.903       0.570       0.093      -0.810      -0.771      -1.609      -2.860
      3700.00    3.00    0.00    0.00       -31.240     -33.794     -34.649     -35.677     -36.678     -36.678       1.000       0.609       0.084      -0.828      -0.794      -1.590      -2.864
      3700.00    3.50    0.00    0.00       -31.552     -34.067     -34.989     -35.919     -36.804     -36.804       0.885       0.545       0.032      -0.817      -0.783      -1.565      -2.845
      3700.00    4.00    0.00    0.00       -31.733     -34.127     -35.049     -35.979     -36.860     -36.860       0.881       0.505      -0.038      -0.788      -0.758      -1.505      -2.801
      3700.00    4.50    0.00    0.00       -31.862     -34.203     -35.186     -36.088     -36.909     -36.909       0.821       0.459      -0.100      -0.747      -0.718      -1.435      -2.735
      3700.00    5.00    0.00    0.00       -31.917     -34.252     -35.281     -36.164     -36.944     -36.944       0.780       0.429      -0.142      -0.725      -0.697      -1.395      -2.700
      3700.00    5.50    0.00    0.00       -31.892     -34.258     -35.341     -36.213     -36.958     -36.958       0.745       0.413      -0.164      -0.712      -0.684      -1.373      -2.676
      3800.00    2.50    0.00    0.00       -31.535     -34.306     -35.317     -36.116     -36.886     -36.886       0.769       0.518       0.056      -0.812      -0.769      -1.621      -2.872
      3800.00    3.00    0.00    0.00       -31.697     -34.347     -35.327     -36.136     -36.906     -36.906       0.770       0.512       0.046      -0.821      -0.781      -1.614      -2.878
      3800.00    3.50    0.00    0.00       -31.806     -34.365     -35.323     -36.149     -36.927     -36.927       0.778       0.505       0.021      -0.826      -0.788      -1.596      -2.876
      3800.00    4.00    0.00    0.00       -31.952     -34.399     -35.347     -36.189     -36.974     -36.974       0.785       0.474      -0.039      -0.805      -0.771      -1.547      -2.841
      3800.00    4.50    0.00    0.00       -32.080     -34.449     -35.449     -36.280     -37.017     -37.017       0.737       0.430      -0.097      -0.767      -0.734      -1.477      -2.776
      3800.00    5.00    0.00    0.00       -32.161     -34.492     -35.532     -36.353     -37.052     -37.052       0.699       0.399      -0.144      -0.738      -0.707      -1.426      -2.729
      3800.00    5.50    0.00    0.00       -32.159     -34.497     -35.572     -36.391     -37.067     -37.067       0.677       0.383      -0.170      -0.725      -0.694      -1.400      -2.705
      3900.00    2.50    0.00    0.00       -31.847     -34.596     -35.643     -36.366     -37.013     -37.013       0.647       0.473       0.015      -0.814      -0.770      -1.628      -2.881
      3900.00    3.00    0.00    0.00       -31.995     -34.636     -35.656     -36.384     -37.030     -37.030       0.647       0.468       0.012      -0.823      -0.780      -1.623      -2.888
      3900.00    3.50    0.00    0.00       -32.086     -34.651     -35.637     -36.379     -37.049     -37.049       0.669       0.464      -0.003      -0.830      -0.789      -1.615      -2.894
      3900.00    4.00    0.00    0.00       -32.173     -34.663     -35.647     -36.406     -37.080     -37.080       0.674       0.443      -0.042      -0.819      -0.781      -1.580      -2.871
      3900.00    4.50    0.00    0.00       -32.306     -34.692     -35.697     -36.465     -37.124     -37.124       0.659       0.405      -0.099      -0.787      -0.752      -1.519      -2.818
      3900.00    5.00    0.00    0.00       -32.396     -34.725     -35.763     -36.530     -37.158     -37.158       0.628       0.372      -0.149      -0.754      -0.720      -1.461      -2.764
      3900.00    5.50    0.00    0.00       -32.433     -34.731     -35.801     -36.569     -37.174     -37.174       0.605       0.353      -0.179      -0.735      -0.701      -1.423      -2.727
      4000.00    2.50    0.00    0.00       -32.180     -34.865     -35.926     -36.597     -37.135     -37.135       0.538       0.434      -0.029      -0.817      -0.772      -1.632      -2.890
      4000.00    3.00    0.00    0.00       -32.311     -34.901     -35.933     -36.605     -37.150     -37.150       0.545       0.429      -0.028      -0.825      -0.781      -1.629      -2.897
      4000.00    3.50    0.00    0.00       -32.381     -34.913     -35.914     -36.595     -37.164     -37.164       0.569       0.426      -0.035      -0.832      -0.789      -1.625      -2.904
      4000.00    4.00    0.00    0.00       -32.430     -34.918     -35.905     -36.601     -37.187     -37.187       0.586       0.415      -0.059      -0.830      -0.790      -1.609      -2.899
      4000.00    4.50    0.00    0.00       -32.530     -34.929     -35.927     -36.639     -37.227     -37.227       0.588       0.383      -0.107      -0.807      -0.769      -1.558      -2.858
      4000.00    5.00    0.00    0.00       -32.639     -34.962     -35.995     -36.712     -37.265     -37.265       0.553       0.348      -0.153      -0.774      -0.736      -1.499      -2.801
      4000.00    5.50    0.00    0.00       -32.739     -34.963     -36.024     -36.748     -37.280     -37.280       0.532       0.315      -0.199      -0.732      -0.695      -1.424      -2.724
      4100.00    2.50    0.00    0.00       -32.540     -35.121     -36.177     -36.808     -37.256     -37.256       0.448       0.395      -0.075      -0.820      -0.775      -1.633      -2.897
      4100.00    3.00    0.00    0.00       -32.668     -35.105     -36.124     -36.814     -37.277     -37.277       0.464       0.389      -0.078      -0.824      -0.780      -1.629      -2.902
      4100.00    3.50    0.00    0.00       -32.711     -35.104     -36.105     -36.808     -37.287     -37.287       0.479       0.387      -0.078      -0.832      -0.787      -1.628      -2.910
      4100.00    4.00    0.00    0.00       -32.735     -35.099     -36.084     -36.804     -37.305     -37.305       0.501       0.381      -0.090      -0.834      -0.791      -1.622      -2.912
      4100.00    4.50    0.00    0.00       -32.791     -35.101     -36.085     -36.824     -37.340     -37.340       0.516       0.358      -0.125      -0.821      -0.780      -1.590      -2.889
      4100.00    5.00    0.00    0.00       -32.881     -35.105     -36.121     -36.872     -37.370     -37.370       0.498       0.324      -0.167      -0.789      -0.749      -1.529      -2.830
      4100.00    5.50    0.00    0.00       -32.933     -35.109     -36.139     -36.898     -37.392     -37.392       0.494       0.304      -0.201      -0.768      -0.730      -1.490      -2.795
      4200.00    2.50    0.00    0.00       -32.905     -35.362     -36.391     -36.985     -37.372     -37.372       0.387       0.359      -0.121      -0.823      -0.778      -1.632      -2.903
      4200.00    3.00    0.00    0.00       -33.007     -35.353     -36.346     -36.988     -37.391     -37.391       0.403       0.354      -0.122      -0.828      -0.783      -1.631      -2.909
      4200.00    3.50    0.00    0.00       -33.057     -35.355     -36.337     -36.992     -37.399     -37.399       0.407       0.352      -0.119      -0.834      -0.789      -1.628      -2.915
      4200.00    4.00    0.00    0.00       -33.043     -35.342     -36.311     -36.982     -37.412     -37.412       0.430       0.349      -0.123      -0.839      -0.795      -1.630      -2.924
      4200.00    4.50    0.00    0.00       -33.051     -35.331     -36.301     -36.991     -37.436     -37.436       0.445       0.335      -0.144      -0.833      -0.790      -1.612      -2.912
      4200.00    5.00    0.00    0.00       -33.119     -35.330     -36.318     -37.024     -37.468     -37.468       0.444       0.306      -0.179      -0.810      -0.769      -1.565      -2.869
      4200.00    5.50    0.00    0.00       -33.180     -35.332     -36.333     -37.050     -37.493     -37.493       0.442       0.283      -0.212      -0.788      -0.748      -1.523      -2.829
      4300.00    2.50    0.00    0.00       -33.256     -35.592     -36.583     -37.140     -37.486     -37.486       0.346       0.325      -0.167      -0.826      -0.781      -1.631      -2.910
      4300.00    3.00    0.00    0.00       -33.343     -35.588     -36.547     -37.144     -37.500     -37.500       0.356       0.321      -0.165      -0.831      -0.786      -1.632      -2.917
      4300.00    3.50    0.00    0.00       -33.404     -35.595     -36.544     -37.152     -37.509     -37.509       0.356       0.318      -0.161      -0.837      -0.792      -1.626      -2.921
      4300.00    4.00    0.00    0.00       -33.368     -35.579     -36.520     -37.145     -37.517     -37.517       0.372       0.318      -0.160      -0.843      -0.798      -1.633      -2.932
      4300.00    4.50    0.00    0.00       -33.347     -35.561     -36.505     -37.149     -37.533     -37.533       0.384       0.310      -0.169      -0.843      -0.798      -1.626      -2.930
      4300.00    5.00    0.00    0.00       -33.373     -35.555     -36.510     -37.172     -37.565     -37.565       0.393       0.287      -0.198      -0.828      -0.785      -1.594      -2.902
      4300.00    5.50    0.00    0.00       -33.417     -35.542     -36.512     -37.190     -37.588     -37.588       0.398       0.262      -0.229      -0.804      -0.762      -1.549      -2.859
      4400.00    2.50    0.00    0.00       -33.555     -35.800     -36.753     -37.274     -37.592     -37.592       0.317       0.294      -0.209      -0.829      -0.783      -1.636      -2.919
      4400.00    3.00    0.00    0.00       -33.668     -35.810     -36.732     -37.286     -37.605     -37.605       0.320       0.290      -0.206      -0.834      -0.789      -1.632      -2.923
      4400.00    3.50    0.00    0.00       -33.705     -35.817     -36.726     -37.292     -37.613     -37.613       0.321       0.288      -0.201      -0.841      -0.795      -1.632      -2.933
      4400.00    4.00    0.00    0.00       -33.694     -35.805     -36.711     -37.293     -37.621     -37.621       0.328       0.286      -0.199      -0.845      -0.800      -1.632      -2.938
      4400.00    4.50    0.00    0.00       -33.655     -35.786     -36.695     -37.295     -37.631     -37.631       0.337       0.283      -0.201      -0.850      -0.804      -1.633      -2.943
      4400.00    5.00    0.00    0.00       -33.636     -35.769     -36.689     -37.308     -37.656     -37.656       0.348       0.267      -0.220      -0.841      -0.796      -1.614      -2.927
      4400.00    5.50    0.00    0.00       -33.658     -35.748     -36.684     -37.323     -37.679     -37.679       0.356       0.243      -0.247      -0.820      -0.777      -1.573      -2.888
      4500.00    2.50    0.00    0.00       -33.896     -36.013     -36.925     -37.412     -37.700     -37.700       0.289       0.260      -0.252      -0.832      -0.786      -1.633      -2.923
      4500.00    3.00    0.00    0.00       -33.981     -36.021     -36.905     -37.417     -37.707     -37.707       0.290       0.259      -0.245      -0.837      -0.792      -1.632      -2.929
      4500.00    3.50    0.00    0.00       -34.016     -36.026     -36.897     -37.421     -37.712     -37.712       0.291       0.258      -0.239      -0.844      -0.798      -1.630      -2.937
      4500.00    4.00    0.00    0.00       -34.012     -36.023     -36.890     -37.428     -37.722     -37.722       0.294       0.255      -0.237      -0.849      -0.804      -1.632      -2.944
      4500.00    4.50    0.00    0.00       -33.967     -36.003     -36.874     -37.430     -37.730     -37.730       0.300       0.253      -0.237      -0.853      -0.808      -1.634      -2.950
      4500.00    5.00    0.00    0.00       -33.921     -35.979     -36.861     -37.438     -37.745     -37.745       0.307       0.245      -0.245      -0.851      -0.806      -1.626      -2.946
      4500.00    5.50    0.00    0.00       -33.916     -35.966     -36.862     -37.458     -37.774     -37.774       0.316       0.225      -0.268      -0.837      -0.793      -1.599      -2.920
      4600.00    2.50    0.00    0.00       -34.202     -36.204     -37.078     -37.533     -37.798     -37.798       0.264       0.230      -0.289      -0.836      -0.790      -1.627      -2.929
      4600.00    3.00    0.00    0.00       -34.278     -36.219     -37.067     -37.541     -37.805     -37.805       0.264       0.229      -0.283      -0.840      -0.795      -1.631      -2.935
      4600.00    3.50    0.00    0.00       -34.312     -36.223     -37.058     -37.542     -37.807     -37.807       0.265       0.229      -0.276      -0.847      -0.801      -1.628      -2.942
      4600.00    4.00    0.00    0.00       -34.311     -36.227     -37.056     -37.553     -37.819     -37.819       0.266       0.226      -0.274      -0.853      -0.807      -1.632      -2.950
      4600.00    4.50    0.00    0.00       -34.263     -36.208     -37.040     -37.555     -37.825     -37.825       0.270       0.225      -0.272      -0.858      -0.812      -1.634      -2.957
      4600.00    5.00    0.00    0.00       -34.206     -36.186     -37.026     -37.562     -37.837     -37.837       0.274       0.220      -0.275      -0.859      -0.813      -1.634      -2.959
      4600.00    5.50    0.00    0.00       -34.168     -36.163     -37.019     -37.576     -37.859     -37.859       0.282       0.206      -0.291      -0.850      -0.804      -1.616      -2.944
      4700.00    2.50    0.00    0.00       -34.485     -36.382     -37.220     -37.648     -37.890     -37.890       0.243       0.202      -0.323      -0.840      -0.794      -1.626      -2.934
      4700.00    3.00    0.00    0.00       -34.561     -36.406     -37.218     -37.658     -37.899     -37.899       0.241       0.200      -0.319      -0.844      -0.798      -1.630      -2.940
      4700.00    3.50    0.00    0.00       -34.600     -36.413     -37.213     -37.660     -37.902     -37.902       0.242       0.199      -0.312      -0.850      -0.804      -1.626      -2.946
      4700.00    4.00    0.00    0.00       -34.593     -36.418     -37.211     -37.670     -37.912     -37.912       0.241       0.198      -0.309      -0.855      -0.809      -1.630      -2.956
      4700.00    4.50    0.00    0.00       -34.552     -36.404     -37.199     -37.675     -37.919     -37.919       0.244       0.196      -0.308      -0.859      -0.813      -1.632      -2.961
      4700.00    5.00    0.00    0.00       -34.489     -36.383     -37.184     -37.680     -37.927     -37.927       0.247       0.194      -0.307      -0.863      -0.817      -1.635      -2.967
      4700.00    5.50    0.00    0.00       -34.428     -36.356     -37.172     -37.690     -37.942     -37.942       0.253       0.185      -0.315      -0.859      -0.814      -1.627      -2.962
      4800.00    2.50    0.00    0.00       -34.764     -36.558     -37.360     -37.760     -37.983     -37.983       0.222       0.173      -0.357      -0.844      -0.798      -1.625      -2.940
      4800.00    3.00    0.00    0.00       -34.832     -36.583     -37.363     -37.770     -37.990     -37.990       0.220       0.172      -0.352      -0.847      -0.801      -1.629      -2.945
      4800.00    3.50    0.00    0.00       -34.862     -36.587     -37.354     -37.769     -37.990     -37.990       0.221       0.173      -0.345      -0.853      -0.807      -1.625      -2.951
      4800.00    4.00    0.00    0.00       -34.856     -36.593     -37.354     -37.780     -38.000     -38.000       0.220       0.171      -0.343      -0.858      -0.812      -1.629      -2.960
      4800.00    4.50    0.00    0.00       -34.824     -36.587     -37.347     -37.787     -38.008     -38.008       0.221       0.169      -0.341      -0.862      -0.816      -1.630      -2.966
      4800.00    5.00    0.00    0.00       -34.761     -36.568     -37.334     -37.792     -38.015     -38.015       0.223       0.168      -0.339      -0.867      -0.820      -1.635      -2.973
      4800.00    5.50    0.00    0.00       -34.697     -36.552     -37.326     -37.804     -38.029     -38.029       0.225       0.164      -0.342      -0.869      -0.823      -1.637      -2.979
      4900.00    2.50    0.00    0.00       -35.030     -36.727     -37.493     -37.868     -38.071     -38.071       0.202       0.146      -0.389      -0.849      -0.803      -1.624      -2.946
      4900.00    3.00    0.00    0.00       -35.088     -36.750     -37.497     -37.876     -38.077     -38.077       0.201       0.145      -0.384      -0.851      -0.805      -1.628      -2.951
      4900.00    3.50    0.00    0.00       -35.120     -36.761     -37.496     -37.880     -38.080     -38.080       0.200       0.145      -0.378      -0.856      -0.810      -1.625      -2.958
      4900.00    4.00    0.00    0.00       -35.115     -36.765     -37.494     -37.887     -38.087     -38.087       0.199       0.145      -0.375      -0.861      -0.815      -1.628      -2.965
      4900.00    4.50    0.00    0.00       -35.076     -36.756     -37.484     -37.891     -38.091     -38.091       0.200       0.144      -0.371      -0.866      -0.820      -1.630      -2.971
      4900.00    5.00    0.00    0.00       -35.019     -36.743     -37.475     -37.898     -38.099     -38.099       0.201       0.142      -0.370      -0.869      -0.823      -1.633      -2.978
      4900.00    5.50    0.00    0.00       -34.943     -36.721     -37.461     -37.905     -38.108     -38.108       0.203       0.140      -0.370      -0.872      -0.826      -1.637      -2.984
      5000.00    2.50    0.00    0.00       -35.274     -36.877     -37.608     -37.960     -38.144     -38.144       0.185       0.121      -0.417      -0.853      -0.807      -1.619      -2.953
      5000.00    3.00    0.00    0.00       -35.332     -36.910     -37.624     -37.977     -38.160     -38.160       0.182       0.120      -0.413      -0.856      -0.810      -1.627      -2.957
      5000.00    3.50    0.00    0.00       -35.361     -36.920     -37.624     -37.981     -38.162     -38.162       0.182       0.120      -0.408      -0.860      -0.814      -1.625      -2.963
      5000.00    4.00    0.00    0.00       -35.357     -36.925     -37.624     -37.988     -38.169     -38.169       0.181       0.119      -0.405      -0.864      -0.817      -1.626      -2.969
      5000.00    4.50    0.00    0.00       -35.323     -36.920     -37.617     -37.993     -38.174     -38.174       0.181       0.119      -0.401      -0.869      -0.822      -1.629      -2.977
      5000.00    5.00    0.00    0.00       -35.266     -36.908     -37.608     -38.000     -38.181     -38.181       0.181       0.117      -0.400      -0.872      -0.825      -1.632      -2.983
      5000.00    5.50    0.00    0.00       -35.194     -36.887     -37.594     -38.005     -38.188     -38.188       0.183       0.115      -0.399      -0.875      -0.828      -1.634      -2.986
      5100.00    2.50    0.00    0.00       -35.508     -37.034     -37.729     -38.058     -38.226     -38.226       0.167       0.095      -0.446      -0.858      -0.812      -1.619      -2.960
      5100.00    3.00    0.00    0.00       -35.562     -37.063     -37.745     -38.074     -38.239     -38.239       0.165       0.096      -0.441      -0.861      -0.814      -1.627      -2.962
      5100.00    3.50    0.00    0.00       -35.588     -37.072     -37.745     -38.076     -38.241     -38.241       0.164       0.097      -0.435      -0.865      -0.818      -1.625      -2.969
      5100.00    4.00    0.00    0.00       -35.590     -37.079     -37.748     -38.085     -38.249     -38.249       0.163       0.095      -0.433      -0.867      -0.821      -1.626      -2.974
      5100.00    4.50    0.00    0.00       -35.555     -37.073     -37.741     -38.089     -38.252     -38.252       0.163       0.095      -0.429      -0.872      -0.825      -1.629      -2.981
      5100.00    5.00    0.00    0.00       -35.504     -37.065     -37.735     -38.096     -38.259     -38.259       0.163       0.094      -0.428      -0.875      -0.828      -1.631      -2.988
      5100.00    5.50    0.00    0.00       -35.425     -37.048     -37.723     -38.101     -38.264     -38.264       0.163       0.094      -0.425      -0.880      -0.834      -1.638      -2.997
      5200.00    2.50    0.00    0.00       -35.722     -37.191     -37.852     -38.160     -38.312     -38.312       0.151       0.072      -0.473      -0.862      -0.816      -1.625      -2.964
      5200.00    3.00    0.00    0.00       -35.779     -37.210     -37.860     -38.167     -38.316     -38.316       0.149       0.073      -0.467      -0.865      -0.818      -1.625      -2.968
      5200.00    3.50    0.00    0.00       -35.803     -37.217     -37.860     -38.168     -38.316     -38.316       0.148       0.074      -0.461      -0.869      -0.822      -1.625      -2.975
      5200.00    4.00    0.00    0.00       -35.807     -37.223     -37.863     -38.176     -38.323     -38.323       0.147       0.073      -0.459      -0.872      -0.825      -1.626      -2.979
      5200.00    4.50    0.00    0.00       -35.777     -37.219     -37.859     -38.181     -38.327     -38.327       0.146       0.073      -0.456      -0.875      -0.829      -1.628      -2.986
      5200.00    5.00    0.00    0.00       -35.731     -37.213     -37.855     -38.189     -38.335     -38.335       0.146       0.071      -0.454      -0.878      -0.831      -1.630      -2.991
      5200.00    5.50    0.00    0.00       -35.661     -37.201     -37.847     -38.196     -38.342     -38.342       0.146       0.070      -0.453      -0.881      -0.835      -1.635      -3.000
      5300.00    2.50    0.00    0.00       -35.926     -37.335     -37.962     -38.249     -38.385     -38.385       0.136       0.049      -0.497      -0.866      -0.820      -1.623      -2.970
      5300.00    3.00    0.00    0.00       -35.984     -37.353     -37.970     -38.255     -38.389     -38.389       0.134       0.051      -0.492      -0.869      -0.823      -1.624      -2.974
      5300.00    3.50    0.00    0.00       -36.014     -37.359     -37.971     -38.258     -38.391     -38.391       0.133       0.051      -0.487      -0.872      -0.826      -1.622      -2.979
      5300.00    4.00    0.00    0.00       -36.017     -37.364     -37.975     -38.265     -38.397     -38.397       0.131       0.051      -0.484      -0.875      -0.829      -1.626      -2.985
      5300.00    4.50    0.00    0.00       -35.989     -37.359     -37.971     -38.269     -38.399     -38.399       0.131       0.051      -0.481      -0.878      -0.832      -1.628      -2.990
      5300.00    5.00    0.00    0.00       -35.943     -37.352     -37.967     -38.276     -38.406     -38.406       0.130       0.050      -0.480      -0.880      -0.834      -1.629      -2.995
      5300.00    5.50    0.00    0.00       -35.878     -37.343     -37.962     -38.284     -38.413     -38.413       0.129       0.049      -0.478      -0.884      -0.838      -1.634      -3.004
      5400.00    2.50    0.00    0.00       -36.116     -37.475     -38.068     -38.334     -38.454     -38.454       0.121       0.028      -0.520      -0.871      -0.825      -1.620      -2.976
      5400.00    3.00    0.00    0.00       -36.175     -37.490     -38.075     -38.340     -38.459     -38.459       0.119       0.029      -0.515      -0.874      -0.827      -1.622      -2.979
      5400.00    3.50    0.00    0.00       -36.206     -37.495     -38.077     -38.343     -38.461     -38.461       0.118       0.031      -0.510      -0.876      -0.830      -1.622      -2.985
      5400.00    4.00    0.00    0.00       -36.214     -37.498     -38.080     -38.350     -38.466     -38.466       0.117       0.030      -0.508      -0.879      -0.832      -1.625      -2.990
      5400.00    4.50    0.00    0.00       -36.188     -37.492     -38.077     -38.353     -38.469     -38.469       0.116       0.031      -0.504      -0.882      -0.835      -1.627      -2.995
      5400.00    5.00    0.00    0.00       -36.152     -37.488     -38.077     -38.361     -38.477     -38.477       0.115       0.028      -0.504      -0.883      -0.836      -1.627      -2.999
      5400.00    5.50    0.00    0.00       -36.094     -37.483     -38.075     -38.371     -38.484     -38.484       0.114       0.027      -0.502      -0.887      -0.840      -1.633      -3.008
      5500.00    2.50    0.00    0.00       -36.294     -37.610     -38.170     -38.416     -38.522     -38.522       0.106       0.008      -0.542      -0.875      -0.828      -1.617      -2.981
      5500.00    3.00    0.00    0.00       -36.353     -37.622     -38.177     -38.422     -38.526     -38.526       0.104       0.010      -0.537      -0.877      -0.831      -1.620      -2.985
      5500.00    3.50    0.00    0.00       -36.389     -37.628     -38.180     -38.426     -38.529     -38.529       0.103       0.011      -0.533      -0.881      -0.834      -1.622      -2.991
      5500.00    4.00    0.00    0.00       -36.397     -37.626     -38.181     -38.430     -38.533     -38.533       0.103       0.010      -0.530      -0.882      -0.836      -1.624      -2.995
      5500.00    4.50    0.00    0.00       -36.379     -37.621     -38.179     -38.433     -38.535     -38.535       0.102       0.011      -0.527      -0.885      -0.838      -1.626      -2.999
      5500.00    5.00    0.00    0.00       -36.353     -37.621     -38.183     -38.445     -38.545     -38.545       0.100       0.008      -0.527      -0.887      -0.840      -1.628      -3.005
      5500.00    5.50    0.00    0.00       -36.291     -37.610     -38.177     -38.451     -38.550     -38.550       0.100       0.008      -0.525      -0.889      -0.842      -1.632      -3.011
      5600.00    2.50    0.00    0.00       -36.454     -37.740     -38.270     -38.496     -38.587     -38.587       0.092      -0.011      -0.563      -0.879      -0.832      -1.615      -2.986
      5600.00    3.00    0.00    0.00       -36.517     -37.750     -38.275     -38.502     -38.592     -38.592       0.090      -0.010      -0.559      -0.881      -0.834      -1.618      -2.989
      5600.00    3.50    0.00    0.00       -36.551     -37.747     -38.274     -38.502     -38.593     -38.593       0.090      -0.008      -0.554      -0.884      -0.837      -1.619      -2.994
      5600.00    4.00    0.00    0.00       -36.566     -37.750     -38.278     -38.509     -38.598     -38.598       0.089      -0.008      -0.551      -0.886      -0.839      -1.624      -3.000
      5600.00    4.50    0.00    0.00       -36.554     -37.743     -38.276     -38.512     -38.600     -38.600       0.088      -0.008      -0.548      -0.888      -0.841      -1.626      -3.004
      5600.00    5.00    0.00    0.00       -36.533     -37.743     -38.281     -38.523     -38.610     -38.610       0.087      -0.011      -0.548      -0.889      -0.843      -1.628      -3.009
      5600.00    5.50    0.00    0.00       -36.480     -37.735     -38.277     -38.529     -38.615     -38.615       0.086      -0.012      -0.547      -0.891      -0.845      -1.631      -3.015
      5700.00    2.50    0.00    0.00       -36.608     -37.866     -38.366     -38.573     -38.650     -38.650       0.077      -0.030      -0.584      -0.881      -0.835      -1.612      -2.990
      5700.00    3.00    0.00    0.00       -36.670     -37.874     -38.371     -38.578     -38.655     -38.655       0.076      -0.028      -0.579      -0.884      -0.837      -1.616      -2.994
      5700.00    3.50    0.00    0.00       -36.710     -37.872     -38.370     -38.581     -38.657     -38.657       0.076      -0.027      -0.575      -0.887      -0.840      -1.619      -2.999
      5700.00    4.00    0.00    0.00       -36.730     -37.870     -38.372     -38.585     -38.661     -38.661       0.076      -0.027      -0.572      -0.889      -0.842      -1.622      -3.003
      5700.00    4.50    0.00    0.00       -36.722     -37.863     -38.370     -38.587     -38.663     -38.663       0.075      -0.026      -0.569      -0.891      -0.844      -1.625      -3.007
      5700.00    5.00    0.00    0.00       -36.707     -37.862     -38.374     -38.598     -38.672     -38.672       0.074      -0.029      -0.569      -0.892      -0.845      -1.627      -3.012
      5700.00    5.50    0.00    0.00       -36.630     -37.825     -38.351     -38.590     -38.667     -38.667       0.078      -0.030      -0.566      -0.887      -0.841      -1.622      -3.009
      5800.00    2.50    0.00    0.00       -36.745     -37.983     -38.452     -38.640     -38.704     -38.704       0.064      -0.048      -0.604      -0.884      -0.837      -1.606      -2.994
      5800.00    3.00    0.00    0.00       -36.815     -37.996     -38.464     -38.653     -38.716     -38.716       0.063      -0.046      -0.600      -0.886      -0.840      -1.612      -2.997
      5800.00    3.50    0.00    0.00       -36.857     -37.989     -38.461     -38.654     -38.717     -38.717       0.063      -0.045      -0.594      -0.889      -0.843      -1.616      -3.002
      5800.00    4.00    0.00    0.00       -36.882     -37.987     -38.463     -38.659     -38.721     -38.721       0.063      -0.045      -0.592      -0.891      -0.844      -1.620      -3.006
      5800.00    4.50    0.00    0.00       -36.880     -37.978     -38.460     -38.660     -38.723     -38.723       0.063      -0.044      -0.589      -0.893      -0.846      -1.623      -3.010
      5800.00    5.00    0.00    0.00       -36.869     -37.976     -38.464     -38.670     -38.731     -38.731       0.061      -0.046      -0.588      -0.895      -0.848      -1.627      -3.017
      5800.00    5.50    0.00    0.00       -36.834     -37.970     -38.465     -38.678     -38.739     -38.739       0.060      -0.048      -0.587      -0.896      -0.849      -1.630      -3.021
      5900.00    2.50    0.00    0.00       -36.882     -38.105     -38.544     -38.714     -38.764     -38.764       0.050      -0.066      -0.624      -0.885      -0.839      -1.603      -2.996
      5900.00    3.00    0.00    0.00       -36.952     -38.114     -38.553     -38.725     -38.775     -38.775       0.049      -0.064      -0.619      -0.888      -0.841      -1.609      -3.000
      5900.00    3.50    0.00    0.00       -36.995     -38.105     -38.550     -38.726     -38.776     -38.776       0.050      -0.062      -0.613      -0.892      -0.845      -1.614      -3.006
      5900.00    4.00    0.00    0.00       -37.025     -38.101     -38.550     -38.729     -38.780     -38.780       0.050      -0.062      -0.611      -0.893      -0.847      -1.618      -3.009
      5900.00    4.50    0.00    0.00       -37.034     -38.092     -38.550     -38.734     -38.784     -38.784       0.050      -0.062      -0.608      -0.895      -0.848      -1.622      -3.015
      5900.00    5.00    0.00    0.00       -37.025     -38.086     -38.551     -38.740     -38.789     -38.789       0.049      -0.063      -0.607      -0.897      -0.850      -1.626      -3.020
      5900.00    5.50    0.00    0.00       -37.000     -38.083     -38.554     -38.749     -38.797     -38.797       0.048      -0.065      -0.606      -0.899      -0.852      -1.629      -3.025
      6000.00    2.50    0.00    0.00       -37.033     -38.237     -38.637     -38.785     -38.819     -38.819       0.035      -0.082      -0.640      -0.887      -0.840      -1.603      -2.999
      6000.00    3.00    0.00    0.00       -37.088     -38.230     -38.637     -38.789     -38.825     -38.825       0.035      -0.080      -0.635      -0.890      -0.843      -1.608      -3.004
      6000.00    3.50    0.00    0.00       -37.141     -38.226     -38.639     -38.796     -38.832     -38.832       0.036      -0.079      -0.631      -0.894      -0.847      -1.613      -3.010
      6000.00    4.00    0.00    0.00       -37.163     -38.210     -38.633     -38.796     -38.833     -38.833       0.037      -0.077      -0.628      -0.895      -0.848      -1.617      -3.013
      6000.00    4.50    0.00    0.00       -37.176     -38.198     -38.631     -38.800     -38.838     -38.838       0.038      -0.078      -0.625      -0.896      -0.849      -1.620      -3.017
      6000.00    5.00    0.00    0.00       -37.171     -38.190     -38.631     -38.805     -38.843     -38.843       0.038      -0.079      -0.624      -0.898      -0.851      -1.623      -3.021
      6000.00    5.50    0.00    0.00       -37.150     -38.185     -38.634     -38.813     -38.850     -38.850       0.037      -0.081      -0.623      -0.899      -0.852      -1.627      -3.027
      6100.00    2.50    0.00    0.00       -37.166     -38.356     -38.724     -38.853     -38.875     -38.875       0.022      -0.099      -0.659      -0.888      -0.841      -1.594      -2.992
      6100.00    3.00    0.00    0.00       -37.212     -38.342     -38.721     -38.857     -38.880     -38.880       0.023      -0.096      -0.653      -0.891      -0.844      -1.604      -3.004
      6100.00    3.50    0.00    0.00       -37.265     -38.337     -38.724     -38.864     -38.887     -38.887       0.023      -0.094      -0.650      -0.896      -0.849      -1.611      -3.013
      6100.00    4.00    0.00    0.00       -37.295     -38.319     -38.716     -38.862     -38.888     -38.888       0.025      -0.093      -0.646      -0.897      -0.850      -1.613      -3.014
      6100.00    4.50    0.00    0.00       -37.311     -38.302     -38.711     -38.864     -38.891     -38.891       0.027      -0.094      -0.643      -0.898      -0.851      -1.617      -3.017
      6100.00    5.00    0.00    0.00       -37.314     -38.294     -38.712     -38.871     -38.898     -38.898       0.027      -0.095      -0.641      -0.899      -0.852      -1.621      -3.023
      6100.00    5.50    0.00    0.00       -37.297     -38.287     -38.713     -38.878     -38.904     -38.904       0.026      -0.097      -0.640      -0.901      -0.853      -1.625      -3.028
      6200.00    2.50    0.00    0.00       -37.280     -38.467     -38.807     -38.918     -38.927     -38.927       0.009      -0.115      -0.677      -0.888      -0.842      -1.590      -2.992
      6200.00    3.00    0.00    0.00       -37.327     -38.452     -38.804     -38.923     -38.933     -38.933       0.010      -0.111      -0.671      -0.892      -0.845      -1.600      -3.004
      6200.00    3.50    0.00    0.00       -37.373     -38.437     -38.801     -38.926     -38.937     -38.937       0.011      -0.109      -0.666      -0.897      -0.850      -1.610      -3.017
      6200.00    4.00    0.00    0.00       -37.415     -38.423     -38.796     -38.926     -38.940     -38.940       0.013      -0.108      -0.663      -0.899      -0.852      -1.611      -3.015
      6200.00    4.50    0.00    0.00       -37.439     -38.407     -38.792     -38.929     -38.944     -38.944       0.015      -0.109      -0.659      -0.900      -0.853      -1.616      -3.021
      6200.00    5.00    0.00    0.00       -37.447     -38.395     -38.790     -38.933     -38.949     -38.949       0.016      -0.110      -0.658      -0.901      -0.854      -1.619      -3.025
      6200.00    5.50    0.00    0.00       -37.436     -38.385     -38.790     -38.940     -38.955     -38.955       0.016      -0.112      -0.657      -0.901      -0.854      -1.622      -3.030
      6300.00    2.50    0.00    0.00       -37.381     -38.571     -38.887     -38.981     -38.977     -38.977      -0.003      -0.129      -0.694      -0.889      -0.842      -1.589      -2.998
      6300.00    3.00    0.00    0.00       -37.436     -38.558     -38.884     -38.986     -38.984     -38.984      -0.002      -0.126      -0.688      -0.892      -0.846      -1.596      -3.005
      6300.00    3.50    0.00    0.00       -37.485     -38.539     -38.878     -38.987     -38.986     -38.986      -0.001      -0.123      -0.682      -0.898      -0.851      -1.605      -3.013
      6300.00    4.00    0.00    0.00       -37.528     -38.525     -38.873     -38.989     -38.990     -38.990       0.001      -0.122      -0.679      -0.900      -0.853      -1.609      -3.017
      6300.00    4.50    0.00    0.00       -37.557     -38.505     -38.867     -38.990     -38.994     -38.994       0.004      -0.123      -0.675      -0.901      -0.854      -1.613      -3.021
      6300.00    5.00    0.00    0.00       -37.572     -38.493     -38.866     -38.995     -38.999     -38.999       0.005      -0.124      -0.673      -0.903      -0.856      -1.617      -3.027
      6300.00    5.50    0.00    0.00       -37.567     -38.483     -38.866     -39.001     -39.006     -39.006       0.005      -0.126      -0.672      -0.903      -0.856      -1.621      -3.033
      6400.00    2.50    0.00    0.00       -37.481     -38.676     -38.966     -39.042     -39.026     -39.026      -0.016      -0.144      -0.710      -0.890      -0.843      -1.589      -3.001
      6400.00    3.00    0.00    0.00       -37.538     -38.661     -38.963     -39.048     -39.034     -39.034      -0.015      -0.140      -0.705      -0.893      -0.847      -1.596      -3.008
      6400.00    3.50    0.00    0.00       -37.591     -38.643     -38.955     -39.048     -39.036     -39.036      -0.013      -0.137      -0.699      -0.898      -0.851      -1.601      -3.012
      6400.00    4.00    0.00    0.00       -37.634     -38.623     -38.949     -39.049     -39.039     -39.039      -0.010      -0.136      -0.695      -0.901      -0.854      -1.608      -3.019
      6400.00    4.50    0.00    0.00       -37.668     -38.604     -38.943     -39.051     -39.043     -39.043      -0.008      -0.136      -0.691      -0.903      -0.856      -1.613      -3.025
      6400.00    5.00    0.00    0.00       -37.688     -38.588     -38.939     -39.054     -39.048     -39.048      -0.006      -0.138      -0.688      -0.904      -0.857      -1.617      -3.030
      6400.00    5.50    0.00    0.00       -37.692     -38.577     -38.939     -39.059     -39.054     -39.054      -0.005      -0.140      -0.687      -0.905      -0.858      -1.621      -3.035
      6500.00    2.50    0.00    0.00       -37.579     -38.782     -39.045     -39.103     -39.075     -39.075      -0.028      -0.159      -0.727      -0.887      -0.841      -1.586      -3.003
      6500.00    3.00    0.00    0.00       -37.633     -38.761     -39.039     -39.107     -39.081     -39.081      -0.027      -0.154      -0.721      -0.894      -0.847      -1.594      -3.009
      6500.00    3.50    0.00    0.00       -37.682     -38.738     -39.029     -39.106     -39.082     -39.082      -0.024      -0.150      -0.714      -0.898      -0.852      -1.601      -3.016
      6500.00    4.00    0.00    0.00       -37.734     -38.720     -39.023     -39.108     -39.086     -39.086      -0.022      -0.149      -0.710      -0.902      -0.855      -1.607      -3.020
      6500.00    4.50    0.00    0.00       -37.776     -38.697     -39.014     -39.108     -39.090     -39.090      -0.018      -0.150      -0.706      -0.903      -0.856      -1.609      -3.022
      6500.00    5.00    0.00    0.00       -37.799     -38.680     -39.010     -39.111     -39.094     -39.094      -0.017      -0.151      -0.703      -0.906      -0.858      -1.616      -3.031
      6500.00    5.50    0.00    0.00       -37.810     -38.668     -39.009     -39.116     -39.101     -39.101      -0.016      -0.152      -0.701      -0.907      -0.860      -1.621      -3.038
      6600.00    2.50    0.00    0.00       -37.650     -38.870     -39.117     -39.159     -39.118     -39.118      -0.041      -0.170      -0.738      -0.894      -0.847      -1.600      -3.029
      6600.00    3.00    0.00    0.00       -37.725     -38.858     -39.114     -39.165     -39.126     -39.126      -0.039      -0.167      -0.736      -0.895      -0.848      -1.595      -3.012
      6600.00    3.50    0.00    0.00       -37.781     -38.837     -39.104     -39.166     -39.129     -39.129      -0.036      -0.164      -0.731      -0.898      -0.851      -1.598      -3.012
      6600.00    4.00    0.00    0.00       -37.831     -38.814     -39.096     -39.166     -39.132     -39.132      -0.033      -0.162      -0.725      -0.903      -0.856      -1.605      -3.018
      6600.00    4.50    0.00    0.00       -37.875     -38.789     -39.085     -39.165     -39.136     -39.136      -0.029      -0.163      -0.721      -0.904      -0.857      -1.609      -3.024
      6600.00    5.00    0.00    0.00       -37.905     -38.770     -39.080     -39.167     -39.140     -39.140      -0.027      -0.163      -0.717      -0.907      -0.860      -1.615      -3.032
      6600.00    5.50    0.00    0.00       -37.921     -38.757     -39.078     -39.172     -39.146     -39.146      -0.026      -0.165      -0.715      -0.909      -0.861      -1.621      -3.041
      6700.00    2.50    0.00    0.00       -37.711     -38.958     -39.192     -39.220     -39.167     -39.167      -0.053      -0.183      -0.751      -0.895      -0.848      -1.615      -3.048
      6700.00    3.00    0.00    0.00       -37.814     -38.955     -39.187     -39.221     -39.171     -39.171      -0.050      -0.180      -0.751      -0.895      -0.849      -1.595      -3.012
      6700.00    3.50    0.00    0.00       -37.870     -38.928     -39.176     -39.223     -39.176     -39.176      -0.047      -0.178      -0.745      -0.898      -0.851      -1.598      -3.013
      6700.00    4.00    0.00    0.00       -37.919     -38.903     -39.166     -39.221     -39.176     -39.176      -0.045      -0.174      -0.739      -0.905      -0.858      -1.608      -3.023
      6700.00    4.50    0.00    0.00       -37.965     -38.878     -39.154     -39.219     -39.179     -39.179      -0.041      -0.174      -0.735      -0.906      -0.859      -1.609      -3.024
      6700.00    5.00    0.00    0.00       -38.002     -38.856     -39.147     -39.222     -39.184     -39.184      -0.038      -0.175      -0.731      -0.908      -0.861      -1.616      -3.035
      6700.00    5.50    0.00    0.00       -38.025     -38.842     -39.145     -39.226     -39.190     -39.190      -0.036      -0.177      -0.728      -0.910      -0.863      -1.622      -3.043
      6800.00    2.50    0.00    0.00       -37.780     -39.044     -39.267     -39.282     -39.217     -39.217      -0.065      -0.197      -0.766      -0.894      -0.847      -1.624      -3.054
      6800.00    3.00    0.00    0.00       -37.901     -39.051     -39.259     -39.276     -39.214     -39.214      -0.062      -0.193      -0.765      -0.895      -0.849      -1.594      -3.012
      6800.00    3.50    0.00    0.00       -37.954     -39.022     -39.249     -39.279     -39.220     -39.220      -0.059      -0.190      -0.760      -0.899      -0.852      -1.599      -3.016
      6800.00    4.00    0.00    0.00       -38.004     -38.993     -39.236     -39.276     -39.220     -39.220      -0.056      -0.186      -0.753      -0.905      -0.858      -1.608      -3.024
      6800.00    4.50    0.00    0.00       -38.053     -38.967     -39.223     -39.274     -39.222     -39.222      -0.052      -0.185      -0.749      -0.907      -0.860      -1.610      -3.026
      6800.00    5.00    0.00    0.00       -38.095     -38.942     -39.214     -39.275     -39.227     -39.227      -0.048      -0.187      -0.744      -0.909      -0.862      -1.616      -3.035
      6800.00    5.50    0.00    0.00       -38.122     -38.925     -39.210     -39.278     -39.232     -39.232      -0.046      -0.188      -0.741      -0.912      -0.864      -1.623      -3.046
      6900.00    2.50    0.00    0.00       -37.911     -39.156     -39.335     -39.328     -39.253     -39.253      -0.075      -0.210      -0.782      -0.894      -0.847      -1.597      -3.031
      6900.00    3.00    0.00    0.00       -37.984     -39.141     -39.328     -39.327     -39.254     -39.254      -0.074      -0.205      -0.776      -0.898      -0.851      -1.602      -3.020
      6900.00    3.50    0.00    0.00       -38.034     -39.113     -39.319     -39.333     -39.262     -39.262      -0.071      -0.202      -0.774      -0.900      -0.853      -1.600      -3.018
      6900.00    4.00    0.00    0.00       -38.089     -39.081     -39.304     -39.330     -39.263     -39.263      -0.067      -0.199      -0.768      -0.905      -0.858      -1.606      -3.021
      6900.00    4.50    0.00    0.00       -38.134     -39.051     -39.289     -39.326     -39.263     -39.263      -0.063      -0.197      -0.762      -0.908      -0.860      -1.610      -3.026
      6900.00    5.00    0.00    0.00       -38.182     -39.025     -39.279     -39.326     -39.267     -39.267      -0.059      -0.198      -0.757      -0.911      -0.863      -1.617      -3.036
      6900.00    5.50    0.00    0.00       -38.216     -39.005     -39.272     -39.329     -39.274     -39.274      -0.055      -0.200      -0.754      -0.912      -0.864      -1.621      -3.045
      7000.00    2.50    0.00    0.00       -38.001     -39.248     -39.402     -39.378     -39.294     -39.294      -0.084      -0.223      -0.795      -0.893      -0.847      -1.594      -3.029
      7000.00    3.00    0.00    0.00       -38.064     -39.229     -39.395     -39.378     -39.294     -39.294      -0.084      -0.217      -0.789      -0.899      -0.852      -1.602      -3.020
      7000.00    3.50    0.00    0.00       -38.110     -39.199     -39.386     -39.384     -39.301     -39.301      -0.082      -0.213      -0.787      -0.900      -0.853      -1.600      -3.019
      7000.00    4.00    0.00    0.00       -38.163     -39.169     -39.373     -39.383     -39.304     -39.304      -0.079      -0.210      -0.782      -0.904      -0.857      -1.604      -3.019
      7000.00    4.50    0.00    0.00       -38.214     -39.136     -39.357     -39.379     -39.305     -39.305      -0.074      -0.208      -0.776      -0.908      -0.861      -1.611      -3.029
      7000.00    5.00    0.00    0.00       -38.261     -39.106     -39.343     -39.378     -39.309     -39.309      -0.069      -0.209      -0.770      -0.912      -0.864      -1.618      -3.040
      7000.00    5.50    0.00    0.00       -38.303     -39.083     -39.335     -39.379     -39.314     -39.314      -0.064      -0.211      -0.766      -0.913      -0.866      -1.623      -3.047
