0.050000   0.985590   0.348930
0.052686   0.985590   0.348930
0.055517   0.985590   0.348930
0.058499   0.985590   0.348930
0.061642   0.985590   0.348930
0.064954   0.985590   0.348930
0.068444   0.985590   0.348930
0.072121   0.985590   0.348930
0.075996   0.985590   0.348930
0.080078   0.985590   0.348930
0.084381   0.985590   0.348930
0.088914   0.985590   0.348930
0.093691   0.985590   0.348930
0.098724   0.985590   0.348930
0.100000   0.985590   0.348930
0.100460   0.986790   0.350690
0.100930   0.988000   0.352450
0.101390   0.989240   0.354210
0.101860   0.990610   0.356140
0.102330   0.992080   0.358190
0.102800   0.993510   0.360020
0.103280   0.994930   0.361810
0.103750   0.996360   0.363560
0.104230   0.997820   0.365310
0.104710   0.999580   0.367030
0.105200   1.001300   0.368710
0.105680   1.002700   0.370270
0.106170   1.004200   0.371840
0.106660   1.005900   0.373530
0.107150   1.007500   0.375190
0.107650   1.009200   0.376790
0.108140   1.010700   0.378280
0.108640   1.012200   0.379680
0.109140   1.013800   0.381130
0.109650   1.015500   0.382650
0.110150   1.017400   0.383950
0.110660   1.019500   0.385170
0.111170   1.021200   0.386460
0.111690   1.023000   0.387770
0.112200   1.024500   0.388910
0.112720   1.026100   0.390040
0.113240   1.027600   0.391080
0.113760   1.029200   0.392130
0.114290   1.030800   0.393180
0.114820   1.032300   0.394220
0.115350   1.033900   0.395230
0.115880   1.035500   0.396240
0.116410   1.037100   0.397260
0.116950   1.038800   0.398250
0.117490   1.040400   0.399220
0.118030   1.042000   0.400230
0.118580   1.043600   0.401270
0.119120   1.044800   0.402270
0.119670   1.045800   0.403270
0.120230   1.047300   0.404350
0.120780   1.048900   0.405460
0.121340   1.050500   0.406580
0.121900   1.052000   0.407700
0.122460   1.053700   0.408880
0.123030   1.055300   0.410040
0.123590   1.056900   0.411130
0.124170   1.058500   0.412200
0.124740   1.060000   0.413240
0.125310   1.061800   0.414270
0.125890   1.063900   0.415270
0.126470   1.065700   0.416250
0.127060   1.067300   0.417200
0.127640   1.069300   0.418070
0.128230   1.071400   0.418870
0.128820   1.073500   0.419560
0.129420   1.075700   0.420210
0.130020   1.077300   0.420650
0.130620   1.078800   0.421040
0.131220   1.080900   0.421380
0.131830   1.083100   0.421700
0.132430   1.084600   0.421810
0.133050   1.086100   0.421910
0.133660   1.087800   0.422020
0.134280   1.089400   0.422100
0.134900   1.091000   0.422100
0.135520   1.092500   0.422100
0.136140   1.094100   0.422100
0.136770   1.095500   0.422100
0.137400   1.096500   0.422100
0.138040   1.097600   0.422180
0.138680   1.098600   0.422340
0.139320   1.099700   0.422570
0.139960   1.100800   0.422840
0.140600   1.101800   0.423240
0.141250   1.102900   0.423670
0.141910   1.104500   0.424210
0.142560   1.106100   0.424740
0.143220   1.107100   0.425200
0.143880   1.108300   0.425650
0.144540   1.110500   0.426100
0.145210   1.112500   0.426450
0.145880   1.114000   0.426600
0.146550   1.115800   0.426640
0.147230   1.117900   0.426480
0.147910   1.120200   0.426110
0.148590   1.122800   0.425480
0.149280   1.125200   0.424560
0.149970   1.127300   0.423390
0.150660   1.129100   0.421760
0.151360   1.130700   0.419890
0.152050   1.132300   0.417570
0.152760   1.133900   0.415150
0.153460   1.134500   0.412450
0.154170   1.135000   0.409730
0.154880   1.135000   0.406980
0.155600   1.134900   0.404200
0.156310   1.134400   0.401210
0.157040   1.133500   0.398350
0.157760   1.131900   0.395760
0.158490   1.130200   0.393330
0.159220   1.128100   0.391130
0.159960   1.125700   0.389210
0.160690   1.123100   0.387570
0.161440   1.120100   0.386280
0.162180   1.116900   0.385210
0.162930   1.113700   0.384560
0.163680   1.110500   0.384080
0.164440   1.107300   0.384050
0.165200   1.104000   0.384100
0.165960   1.101000   0.384560
0.166720   1.097900   0.385030
0.167490   1.094600   0.385970
0.168270   1.091400   0.386960
0.169040   1.088800   0.388150
0.169820   1.086100   0.389440
0.170610   1.083000   0.390950
0.171400   1.079900   0.392580
0.172190   1.077100   0.394390
0.172980   1.074500   0.396220
0.173780   1.072000   0.398060
0.174580   1.069400   0.400120
0.175390   1.066700   0.402320
0.176200   1.064000   0.404660
0.177010   1.061300   0.407040
0.177830   1.058700   0.409400
0.178650   1.056200   0.411750
0.179470   1.053900   0.414430
0.180300   1.051700   0.417130
0.181130   1.049100   0.419780
0.181970   1.046600   0.422480
0.182810   1.044500   0.425310
0.183650   1.042200   0.428220
0.184500   1.039600   0.431300
0.185350   1.036900   0.434500
0.186210   1.034200   0.437860
0.187070   1.031800   0.441450
0.187930   1.029700   0.445230
0.188800   1.027200   0.449120
0.189670   1.024700   0.453060
0.190550   1.022400   0.457580
0.191430   1.020200   0.462300
0.192310   1.018100   0.467140
0.193200   1.016000   0.471980
0.194090   1.014400   0.477130
0.194980   1.012900   0.482300
0.195880   1.011800   0.487660
0.196790   1.010900   0.493040
0.197700   1.010400   0.498490
0.198610   1.010000   0.503950
0.199530   1.010000   0.509390
0.200450   1.010000   0.514640
0.201370   1.010000   0.519680
0.202300   1.010300   0.524780
0.203240   1.010800   0.529940
0.204170   1.011000   0.534850
0.205120   1.011000   0.539660
0.206060   1.011400   0.544380
0.207010   1.012000   0.549080
0.207970   1.013000   0.553760
0.208930   1.014000   0.558440
0.209890   1.014600   0.563110
0.210860   1.015100   0.567760
0.211840   1.015600   0.572270
0.212810   1.016200   0.576830
0.213800   1.017300   0.581520
0.214780   1.018400   0.586140
0.215770   1.019400   0.590630
0.216770   1.020500   0.595090
0.217770   1.021500   0.599510
0.218780   1.022600   0.603920
0.219790   1.023700   0.608330
0.220800   1.024700   0.612690
0.221820   1.025800   0.617030
0.222840   1.026900   0.621360
0.223870   1.028000   0.625680
0.224910   1.029000   0.629780
0.225940   1.030000   0.633870
0.226990   1.031100   0.638000
0.228030   1.032100   0.642150
0.229090   1.033200   0.646410
0.230140   1.034200   0.650700
0.231210   1.035300   0.655060
0.232270   1.036400   0.659490
0.233350   1.037400   0.664050
0.234420   1.038300   0.668710
0.235500   1.038800   0.673470
0.236590   1.039700   0.678240
0.237680   1.040700   0.683020
0.238780   1.041700   0.687980
0.239880   1.042800   0.693010
0.240990   1.044300   0.698250
0.242100   1.045900   0.703540
0.243220   1.047000   0.709060
0.244340   1.048100   0.714620
0.245470   1.050200   0.720320
0.246600   1.052400   0.725980
0.247740   1.054400   0.731420
0.248890   1.056700   0.736890
0.250030   1.059400   0.742480
0.251190   1.062100   0.747880
0.252350   1.064700   0.753050
0.253510   1.067700   0.758150
0.254680   1.070900   0.763210
0.255860   1.073700   0.768220
0.257040   1.076400   0.773200
0.258230   1.079400   0.778010
0.259420   1.082500   0.782770
0.260620   1.085200   0.787620
0.261820   1.087800   0.792470
0.263030   1.091100   0.797680
0.264240   1.094400   0.802870
0.265460   1.098100   0.807810
0.266690   1.101800   0.812680
0.267920   1.105400   0.817300
0.269150   1.109100   0.821910
0.270400   1.112900   0.826510
0.271640   1.116600   0.830900
0.272900   1.120200   0.835020
0.274160   1.123900   0.839060
0.275420   1.127600   0.843010
0.276690   1.131300   0.846920
0.277970   1.135000   0.850800
0.279250   1.138800   0.854750
0.280540   1.142500   0.858720
0.281840   1.145700   0.862670
0.283140   1.148900   0.866620
0.284450   1.152600   0.870910
0.285760   1.156400   0.875200
0.287080   1.160100   0.879380
0.288400   1.164000   0.883540
0.289730   1.168200   0.887640
0.291070   1.172300   0.891650
0.292420   1.175900   0.895470
0.293760   1.179800   0.899330
0.295120   1.184200   0.903240
0.296480   1.188400   0.906980
0.297850   1.192600   0.910610
0.299230   1.196900   0.914230
0.300610   1.201100   0.917840
0.302000   1.205400   0.921390
0.303390   1.209700   0.924920
0.304790   1.213800   0.928360
0.306200   1.218000   0.931790
0.307610   1.221700   0.935150
0.309030   1.225400   0.938500
0.310460   1.229600   0.941840
0.311890   1.233900   0.945170
0.313330   1.238100   0.948480
0.314770   1.242400   0.951760
0.316230   1.246700   0.954990
0.317690   1.251000   0.958180
0.319150   1.255200   0.961320
0.320630   1.259400   0.964450
0.322110   1.263600   0.967560
0.323590   1.267800   0.970700
0.325090   1.272100   0.973840
0.326590   1.276400   0.976920
0.328100   1.280700   0.979990
0.329610   1.284900   0.982930
0.331130   1.289100   0.985860
0.332660   1.293300   0.988820
0.334200   1.297500   0.991770
0.335740   1.301800   0.994700
0.337290   1.306200   0.997580
0.338840   1.311000   1.000300
0.340410   1.315600   1.003200
0.341980   1.319800   1.006400
0.343560   1.324000   1.009300
0.345140   1.328300   1.011900
0.346740   1.332500   1.014600
0.348340   1.336800   1.017200
0.349950   1.341000   1.019900
0.351560   1.345100   1.022500
0.353180   1.349400   1.025100
0.354810   1.353800   1.027900
0.356450   1.358000   1.030500
0.358100   1.362300   1.033200
0.359750   1.366900   1.035700
0.361410   1.371500   1.038300
0.363080   1.375900   1.041000
0.364750   1.380100   1.043700
0.366440   1.384400   1.046300
0.368130   1.388600   1.049000
0.369830   1.392800   1.051600
0.371540   1.397100   1.054300
0.373250   1.401400   1.057000
0.374970   1.405900   1.059600
0.376700   1.410700   1.062300
0.378440   1.415000   1.064500
0.380190   1.419200   1.066600
0.381940   1.423500   1.069200
0.383710   1.427800   1.071900
0.385480   1.432000   1.074500
0.387260   1.436200   1.077100
0.389050   1.441000   1.079200
0.390840   1.445800   1.081500
0.392640   1.450100   1.084200
0.394460   1.454300   1.086800
0.396280   1.458400   1.089400
0.398110   1.462900   1.091800
0.399940   1.467700   1.094000
0.401790   1.472300   1.096400
0.403650   1.476500   1.099100
0.405510   1.480700   1.101700
0.407380   1.484800   1.104300
0.409260   1.489500   1.106600
0.411150   1.494400   1.108700
0.413050   1.498700   1.111300
0.414950   1.502900   1.113900
0.416870   1.507700   1.116100
0.418790   1.512500   1.118300
0.420730   1.517200   1.120900
0.422670   1.521900   1.123500
0.424620   1.526700   1.126100
0.426580   1.531300   1.128600
0.428550   1.535500   1.130800
0.430530   1.540000   1.133100
0.432510   1.544700   1.135700
0.434510   1.549500   1.138100
0.436520   1.554300   1.140300
0.438530   1.559100   1.142400
0.440550   1.563700   1.144400
0.442590   1.568900   1.147000
0.444630   1.574300   1.149600
0.446680   1.579100   1.151800
0.448750   1.583900   1.153900
0.450820   1.588700   1.156100
0.452900   1.593500   1.158200
0.454990   1.598700   1.160900
0.457090   1.603900   1.163400
0.459200   1.608800   1.165600
0.461320   1.613800   1.167700
0.463450   1.619000   1.169800
0.465590   1.624200   1.171900
0.467740   1.629600   1.174000
0.469890   1.634600   1.176200
0.472060   1.639400   1.178300
0.474240   1.644500   1.180400
0.476430   1.649900   1.182500
0.478630   1.655100   1.184200
0.480840   1.660400   1.185800
0.483060   1.665700   1.187900
0.485290   1.671000   1.190000
0.487530   1.676300   1.191600
0.489780   1.681700   1.193300
0.492040   1.687500   1.195400
0.494310   1.693200   1.197400
0.496590   1.698500   1.199000
0.498880   1.703800   1.200500
0.501190   1.709000   1.202100
0.503500   1.714600   1.203700
0.505820   1.720500   1.205300
0.508160   1.726000   1.206900
0.510500   1.731200   1.208500
0.512860   1.736600   1.209700
0.515230   1.741900   1.210800
0.517610   1.747700   1.212300
0.520000   1.753500   1.213900
0.522400   1.758800   1.215000
0.524810   1.764000   1.216000
0.527230   1.769800   1.217600
0.529660   1.775600   1.219100
0.532110   1.780900   1.220200
0.534560   1.786200   1.221200
0.537030   1.791600   1.222300
0.539510   1.797100   1.223400
0.542000   1.803000   1.224400
0.544500   1.808500   1.225300
0.547020   1.813700   1.225800
0.549540   1.819000   1.226600
0.552080   1.824300   1.227700
0.554630   1.830000   1.228700
0.557190   1.835800   1.229800
0.559760   1.841200   1.230400
0.562340   1.846500   1.230900
0.564940   1.851800   1.232000
0.567540   1.857100   1.233000
0.570160   1.862400   1.233500
0.572800   1.867800   1.234100
0.575440   1.873100   1.234600
0.578100   1.878400   1.235100
0.580760   1.883600   1.235700
0.583450   1.888900   1.236200
0.586140   1.894300   1.236700
0.588840   1.899600   1.237300
0.591560   1.904800   1.237800
0.594290   1.910100   1.238300
0.597040   1.915500   1.238900
0.599790   1.920800   1.239400
0.602560   1.926000   1.239900
0.605340   1.931300   1.240400
0.608130   1.936700   1.241000
0.610940   1.942000   1.241500
0.613760   1.947300   1.242000
0.616600   1.952600   1.242600
0.619440   1.957800   1.243000
0.622300   1.963100   1.243000
0.625170   1.968300   1.243100
0.628060   1.973100   1.243700
0.630960   1.978100   1.244000
0.633870   1.983400   1.244000
0.636800   1.988700   1.244300
0.639730   1.993900   1.244800
0.642690   1.999200   1.245300
0.645650   2.004500   1.245800
0.648630   2.009400   1.246000
0.651630   2.014200   1.246000
0.654640   2.019500   1.246000
0.657660   2.024800   1.246000
0.660690   2.030100   1.246500
0.663740   2.035400   1.247000
0.666810   2.040100   1.247000
0.669880   2.045000   1.247100
0.672980   2.050200   1.247600
0.676080   2.055400   1.248000
0.679200   2.060100   1.248000
0.682340   2.065100   1.248000
0.685490   2.070400   1.248000
0.688650   2.075800   1.248000
0.691830   2.081100   1.248000
0.695020   2.086000   1.248000
0.698230   2.090700   1.248000
0.701460   2.095900   1.248400
0.704690   2.101200   1.248900
0.707950   2.106500   1.249000
0.711210   2.111900   1.249000
0.714500   2.116600   1.249000
0.717790   2.121500   1.249000
0.721110   2.126700   1.249000
0.724440   2.132000   1.249000
0.727780   2.137300   1.249000
0.731140   2.142600   1.248800
0.734510   2.147900   1.248300
0.737900   2.153000   1.248000
0.741310   2.157800   1.248000
0.744730   2.162800   1.248000
0.748170   2.168100   1.248000
0.751620   2.173400   1.247700
0.755090   2.178800   1.247100
0.758580   2.184100   1.247000
0.762080   2.189400   1.247000
0.765600   2.194600   1.246500
0.769130   2.199900   1.246000
0.772680   2.205200   1.245500
0.776250   2.210500   1.244900
0.779830   2.215800   1.244400
0.783430   2.221100   1.243900
0.787050   2.226400   1.243400
0.790680   2.231700   1.242700
0.794330   2.237000   1.241600
0.797990   2.242300   1.240500
0.801680   2.247700   1.239500
0.805380   2.253000   1.238400
0.809100   2.258300   1.237300
0.812830   2.263200   1.236300
0.816580   2.268000   1.235200
0.820350   2.273200   1.234200
0.824140   2.278500   1.233100
0.827940   2.283300   1.232000
0.831760   2.288100   1.231000
0.835600   2.292800   1.229400
0.839460   2.297600   1.227800
0.843330   2.302400   1.226200
0.847230   2.307000   1.224700
0.851140   2.311200   1.223700
0.855070   2.315500   1.222500
0.859010   2.319700   1.220900
0.862980   2.323900   1.219300
0.866960   2.328200   1.217700
0.870960   2.332400   1.216100
0.874980   2.336600   1.214500
0.879020   2.340900   1.213300
0.883080   2.345100   1.212200
0.887160   2.349000   1.210700
0.891250   2.352700   1.209100
0.895360   2.356400   1.208000
0.899500   2.360100   1.207000
0.903650   2.363800   1.205400
0.907820   2.367500   1.203900
0.912010   2.371200   1.202800
0.916220   2.374900   1.201700
0.920450   2.378600   1.200700
0.924700   2.382300   1.199800
0.928970   2.386100   1.199300
0.933250   2.389800   1.198500
0.937560   2.393500   1.197400
0.941890   2.396900   1.196700
0.946240   2.400100   1.196200
0.950600   2.403600   1.195200
0.954990   2.407300   1.194200
0.959400   2.411000   1.193600
0.963830   2.414700   1.193000
0.968280   2.418400   1.192000
0.972750   2.422100   1.191000
0.977240   2.425800   1.190500
0.981750   2.429500   1.189900
0.986280   2.433300   1.189400
0.990830   2.437100   1.188900
0.995410   2.441300   1.188300
1.000000   2.445400   1.187600
1.004600   2.449100   1.186500
1.009300   2.452800   1.185700
1.013900   2.456400   1.185200
1.018600   2.460000   1.184400
1.023300   2.463700   1.183400
1.028000   2.467400   1.182700
1.032800   2.471000   1.182100
1.037500   2.474800   1.181200
1.042300   2.478500   1.180200
1.047100   2.482200   1.179500
1.052000   2.486000   1.179000
1.056800   2.489800   1.177900
1.061700   2.493500   1.176800
1.066600   2.497400   1.175800
1.071500   2.501200   1.174800
1.076500   2.505000   1.174300
1.081400   2.508700   1.173500
1.086400   2.512200   1.172500
1.091400   2.515900   1.171700
1.096500   2.519800   1.171200
1.101500   2.523100   1.170300
1.106600   2.526200   1.169300
1.111700   2.529600   1.168600
1.116900   2.533200   1.168100
1.122000   2.537100   1.167100
1.127200   2.541100   1.166000
1.132400   2.544200   1.165500
1.137600   2.547400   1.164900
1.142900   2.551100   1.164400
1.148200   2.554800   1.163800
1.153500   2.558500   1.162700
1.158800   2.562200   1.161800
1.164100   2.566000   1.161300
1.169500   2.569500   1.160500
1.174900   2.572700   1.159400
1.180300   2.576100   1.158700
1.185800   2.579600   1.158200
1.191200   2.583300   1.157700
1.196700   2.587100   1.157100
1.202300   2.590300   1.156200
1.207800   2.593400   1.155200
1.213400   2.597100   1.154600
1.219000   2.601000   1.154000
1.224600   2.604600   1.153000
1.230300   2.608200   1.152000
1.235900   2.612200   1.151400
1.241700   2.615900   1.150700
1.247400   2.619000   1.149700
1.253100   2.622400   1.148600
1.258900   2.626000   1.147600
1.264700   2.629700   1.146800
1.270600   2.633500   1.146200
1.276400   2.637200   1.145400
1.282300   2.640900   1.144300
1.288200   2.644100   1.143300
1.294200   2.647100   1.142300
1.300200   2.650700   1.141200
1.306200   2.654500   1.140200
1.312200   2.657800   1.138600
1.318300   2.661100   1.137000
1.324300   2.664200   1.135900
1.330500   2.667200   1.134900
1.336600   2.670600   1.133800
1.342800   2.673900   1.132700
1.349000   2.677000   1.131700
1.355200   2.679900   1.130500
1.361400   2.682500   1.128900
1.367700   2.685400   1.127500
1.374000   2.688500   1.126500
1.380400   2.691400   1.125400
1.386800   2.694100   1.124400
1.393200   2.696700   1.123700
1.399600   2.699400   1.123100
1.406000   2.702100   1.122200
1.412500   2.704800   1.121100
1.419100   2.706900   1.120500
1.425600   2.708900   1.120000
1.432200   2.711600   1.119500
1.438800   2.714300   1.118900
1.445400   2.716900   1.118400
1.452100   2.719600   1.117900
1.458800   2.722900   1.117300
1.465500   2.726000   1.116800
1.472300   2.728600   1.116300
1.479100   2.731200   1.116000
1.485900   2.733800   1.116000
1.492800   2.736800   1.115700
1.499700   2.739900   1.115200
1.506600   2.743100   1.115000
1.513600   2.746300   1.115000
1.520500   2.749100   1.114600
1.527600   2.751800   1.114000
1.534600   2.755100   1.113500
1.541700   2.758300   1.112900
1.548800   2.761400   1.112400
1.556000   2.764400   1.111900
1.563100   2.767500   1.111400
1.570400   2.770500   1.111000
1.577600   2.773300   1.111000
1.584900   2.776200   1.110800
1.592200   2.779400   1.110300
1.599600   2.782500   1.109700
1.606900   2.785700   1.109200
1.614400   2.788900   1.108400
1.621800   2.792100   1.107300
1.629300   2.795300   1.106600
1.636800   2.798500   1.106100
1.644400   2.801300   1.105500
1.652000   2.804000   1.105000
1.659600   2.807000   1.104500
1.667200   2.810100   1.104000
1.674900   2.812800   1.103400
1.682700   2.815700   1.102800
1.690400   2.818800   1.101700
1.698200   2.821800   1.100800
1.706100   2.824400   1.100300
1.714000   2.827200   1.099800
1.721900   2.830400   1.099300
1.729800   2.833300   1.098500
1.737800   2.835900   1.097400
1.745800   2.838600   1.096700
1.753900   2.841300   1.096100
1.762000   2.843600   1.095600
1.770100   2.845800   1.095100
1.778300   2.848300   1.094500
1.786500   2.850800   1.094000
1.794700   2.853600   1.094000
1.803000   2.856300   1.093900
1.811300   2.858300   1.093400
1.819700   2.860500   1.093000
1.828100   2.863200   1.093000
1.836500   2.865800   1.093000
1.845000   2.868400   1.093000
1.853500   2.871100   1.093000
1.862100   2.873800   1.093000
1.870700   2.876700   1.093000
1.879300   2.879700   1.093000
1.888000   2.882600   1.093000
1.896700   2.885300   1.093000
1.905500   2.888300   1.092600
1.914300   2.891400   1.092100
1.923100   2.894700   1.092000
1.932000   2.898000   1.092000
1.940900   2.901100   1.091500
1.949800   2.904200   1.091000
1.958800   2.906900   1.090400
1.967900   2.909700   1.089900
1.977000   2.912900   1.089400
1.986100   2.915900   1.088800
1.995300   2.918400   1.088300
2.004500   2.921200   1.087800
2.013700   2.924500   1.087300
2.023000   2.927400   1.086700
2.032400   2.930000   1.086200
2.041700   2.932700   1.085700
2.051200   2.935500   1.085100
2.060600   2.938100   1.084600
2.070100   2.940800   1.084000
2.079700   2.943400   1.083500
2.089300   2.946100   1.083000
2.098900   2.948600   1.082500
2.108600   2.951200   1.082000
2.118400   2.953900   1.082000
2.128100   2.956500   1.081900
2.138000   2.958500   1.081400
2.147800   2.960800   1.080800
2.157700   2.963500   1.080300
2.167700   2.966200   1.079800
2.177700   2.968900   1.079200
2.187800   2.971500   1.079000
2.197900   2.974200   1.079000
2.208000   2.976500   1.078600
2.218200   2.978600   1.078100
2.228400   2.981100   1.078000
2.238700   2.983700   1.078000
2.249100   2.986400   1.077500
2.259400   2.989100   1.077000
2.269900   2.991200   1.077000
2.280300   2.993300   1.076900
2.290900   2.995400   1.076400
2.301400   2.997600   1.076000
2.312100   3.000300   1.076000
2.322700   3.002700   1.076000
2.333500   3.004900   1.076000
2.344200   3.007200   1.076000
2.355000   3.009800   1.076000
2.365900   3.012500   1.076000
2.376800   3.015200   1.076000
2.387800   3.017900   1.076000
2.398800   3.020500   1.076000
2.409900   3.023100   1.076000
2.421000   3.025800   1.076000
2.432200   3.028400   1.076000
2.443400   3.031100   1.076000
2.454700   3.033700   1.075500
2.466000   3.036200   1.075000
2.477400   3.039000   1.075000
2.488900   3.041700   1.074900
2.500300   3.044300   1.074300
2.511900   3.046700   1.073600
2.523500   3.048800   1.072600
2.535100   3.050900   1.071800
2.546800   3.053100   1.071200
2.558600   3.054900   1.070700
2.570400   3.056500   1.070200
2.582300   3.058100   1.069600
2.594200   3.059800   1.069100
2.606200   3.061300   1.069000
2.618200   3.062900   1.069000
2.630300   3.064500   1.069500
2.642400   3.066100   1.070000
2.654600   3.067600   1.071100
2.666900   3.069200   1.072100
2.679200   3.070900   1.072600
2.691500   3.072600   1.073300
2.704000   3.074700   1.074300
2.716400   3.077000   1.075400
2.729000   3.079700   1.076500
2.741600   3.082400   1.077500
2.754200   3.085000   1.078600
2.766900   3.087700   1.079300
2.779700   3.090300   1.079900
2.792500   3.093300   1.080400
2.805400   3.096400   1.080900
2.818400   3.099200   1.081000
2.831400   3.101900   1.081000
2.844500   3.104500   1.081000
2.857600   3.107100   1.081000
2.870800   3.109800   1.081000
2.884000   3.112300   1.081000
2.897300   3.114500   1.081000
2.910700   3.116600   1.081000
2.924200   3.118700   1.081000
2.937600   3.120700   1.081200
2.951200   3.122200   1.081700
2.964800   3.124100   1.082300
2.978500   3.126200   1.082800
2.992300   3.128300   1.083300
3.006100   3.130400   1.083800
3.020000   3.132200   1.084400
3.033900   3.133800   1.084900
3.047900   3.135800   1.085900
3.062000   3.137800   1.086900
3.076100   3.140500   1.088000
3.090300   3.143200   1.089100
3.104600   3.145300   1.090700
3.118900   3.147500   1.092200
3.133300   3.150200   1.093300
3.147700   3.152900   1.094300
3.162300   3.155400   1.095400
3.176900   3.158300   1.096600
3.191500   3.161400   1.098200
3.206300   3.164600   1.099500
3.221100   3.167900   1.100600
3.235900   3.171400   1.101700
3.250900   3.175000   1.102700
3.265900   3.179100   1.103400
3.281000   3.183400   1.103900
3.296100   3.187200   1.103500
3.311300   3.190800   1.103000
3.326600   3.194000   1.101500
3.342000   3.197100   1.099900
3.357400   3.199300   1.098900
3.372900   3.201200   1.097800
3.388400   3.202300   1.096700
3.404100   3.203300   1.096200
3.419800   3.204400   1.096700
3.435600   3.205400   1.097700
3.451400   3.206500   1.099200
3.467400   3.208100   1.101100
3.483400   3.210300   1.103300
3.499500   3.213100   1.104700
3.515600   3.216300   1.105800
3.531800   3.219500   1.106800
3.548100   3.222600   1.107900
3.564500   3.225300   1.108500
3.581000   3.228000   1.109000
3.597500   3.230100   1.109500
3.614100   3.232300   1.110100
3.630800   3.234400   1.111200
3.647500   3.236600   1.112200
3.664400   3.239200   1.113300
3.681300   3.242000   1.114300
3.698300   3.245200   1.115400
3.715400   3.248200   1.116500
3.732500   3.250800   1.117500
3.749700   3.253800   1.118300
3.767000   3.256900   1.118800
3.784400   3.259700   1.119700
3.801900   3.262400   1.120800
3.819400   3.265500   1.121800
3.837100   3.268700   1.122900
3.854800   3.272400   1.124000
3.872600   3.276100   1.125000
3.890500   3.279800   1.124500
3.908400   3.283400   1.123900
3.926400   3.286600   1.122800
3.944600   3.289400   1.121700
3.962800   3.291000   1.120700
3.981100   3.292200   1.120400
3.999400   3.292700   1.121400
4.017900   3.293800   1.123500
4.036500   3.295400   1.126700
4.055100   3.298800   1.129900
4.073800   3.303500   1.133000
4.092600   3.309300   1.134000
4.111500   3.315800   1.134000
4.130500   3.320400   1.131000
4.149500   3.324700   1.127300
4.168700   3.325000   1.123600
4.187900   3.324900   1.120100
4.207300   3.323400   1.121100
4.226700   3.322100   1.122700
4.246200   3.322600   1.127400
4.265800   3.324000   1.132000
4.285500   3.328300   1.136300
4.305300   3.333400   1.139000
4.325100   3.339800   1.139000
4.345100   3.344900   1.137700
4.365200   3.348600   1.135000
4.385300   3.350300   1.133000
4.405500   3.350900   1.131400
4.425900   3.351400   1.131800
4.446300   3.351900   1.132800
4.466800   3.353300   1.134700
4.487500   3.354900   1.136800
4.508200   3.358000   1.139000
4.529000   3.361200   1.141000
4.549900   3.364800   1.141500
4.570900   3.368400   1.142000
4.592000   3.371100   1.142000
4.613200   3.373800   1.142000
4.634500   3.376400   1.142000
4.655900   3.378600   1.142200
4.677400   3.380200   1.142700
4.698900   3.382100   1.143500
4.720600   3.384200   1.144600
4.742400   3.386600   1.146000
4.764300   3.389300   1.147600
4.786300   3.392700   1.148400
4.808400   3.396400   1.148900
4.830600   3.399700   1.149400
4.852900   3.402800   1.150000
4.875300   3.406000   1.149500
4.897800   3.409200   1.149000
4.920400   3.411800   1.148400
4.943100   3.414500   1.148000
4.965900   3.417100   1.148000
4.988800   3.419600   1.147700
5.011900   3.421700   1.146600
5.035000   3.423800   1.145600
5.058200   3.425900   1.144500
5.081600   3.427500   1.143700
5.105100   3.428600   1.143200
5.128600   3.429700   1.143300
5.152300   3.430700   1.143900
5.176100   3.431800   1.144000
5.200000   3.432900   1.144000
5.224000   3.434400   1.144500
5.248100   3.435900   1.145000
5.272300   3.437500   1.144500
5.296600   3.439100   1.144000
5.321100   3.440100   1.143400
5.345600   3.441000   1.143000
5.370300   3.441000   1.143000
5.395100   3.441000   1.143200
5.420000   3.441000   1.143700
5.445000   3.441500   1.144500
5.470200   3.442500   1.145500
5.495400   3.443800   1.146000
5.520800   3.445400   1.146000
5.546300   3.446000   1.145300
5.571900   3.446000   1.144300
5.597600   3.445200   1.143600
5.623400   3.444100   1.143100
5.649400   3.442600   1.143500
5.675400   3.441000   1.144000
5.701600   3.438900   1.144500
5.728000   3.436600   1.145100
5.754400   3.432900   1.146200
5.781000   3.429100   1.148200
5.807600   3.424900   1.153400
5.834500   3.421800   1.159500
5.861400   3.421300   1.167400
5.888400   3.422300   1.173600
5.915600   3.425500   1.177300
5.942900   3.427000   1.178400
5.970400   3.427000   1.177400
5.997900   3.423900   1.178700
6.025600   3.419100   1.181400
6.053400   3.414700   1.188200
6.081300   3.410400   1.196200
6.109400   3.409100   1.205500
6.137600   3.408000   1.214900
6.165900   3.408500   1.225000
6.194400   3.409400   1.235400
6.223000   3.413200   1.247100
6.251700   3.418000   1.258500
6.280600   3.426400   1.269000
6.309600   3.435500   1.277000
6.338700   3.446100   1.280200
6.368000   3.455300   1.281500
6.397300   3.462800   1.280500
6.426900   3.467200   1.279400
6.456500   3.469300   1.278300
6.486300   3.470000   1.280600
6.516300   3.470000   1.284300
6.546400   3.472600   1.291000
6.576600   3.475700   1.298400
6.606900   3.481800   1.302400
6.637400   3.488100   1.306000
6.668100   3.492800   1.304900
6.698800   3.497200   1.304100
6.729800   3.498800   1.304600
6.760800   3.500000   1.305700
6.792000   3.500000   1.308300
6.823400   3.500400   1.311500
6.854900   3.501400   1.315700
6.886500   3.502700   1.319700
6.918300   3.504400   1.323500
6.950200   3.505300   1.327500
6.982300   3.505800   1.331700
7.014600   3.506400   1.337100
7.046900   3.506900   1.342900
7.079500   3.508700   1.350000
7.112100   3.510800   1.357400
7.145000   3.513400   1.364300
7.177900   3.516100   1.371200
7.211100   3.520400   1.379300
7.244400   3.524900   1.387200
7.277800   3.530800   1.394600
7.311400   3.536800   1.401500
7.345100   3.543100   1.406700
7.379000   3.549000   1.411600
7.413100   3.554300   1.415800
7.447300   3.559800   1.420600
7.481700   3.565700   1.425900
7.516200   3.571200   1.430900
7.550900   3.576500   1.435600
7.585800   3.582100   1.440800
7.620800   3.588000   1.446100
7.656000   3.594700   1.451000
7.691300   3.601700   1.455800
7.726800   3.609100   1.458000
7.762500   3.616300   1.460100
7.798300   3.620500   1.461700
7.834300   3.624500   1.463900
7.870500   3.627100   1.469200
7.906800   3.630600   1.475500
7.943300   3.636500   1.484600
7.979900   3.643900   1.491900
8.016800   3.653300   1.496700
8.053800   3.661800   1.499800
8.091000   3.669200   1.501400
8.128300   3.676300   1.505000
8.165800   3.683100   1.509700
8.203500   3.691200   1.513700
8.241400   3.699700   1.517400
8.279400   3.707800   1.518000
8.317600   3.715700   1.518000
8.356000   3.721100   1.519000
8.394600   3.726300   1.520200
8.433300   3.731100   1.523400
8.472300   3.736200   1.527100
8.511400   3.742500   1.532900
8.550700   3.749800   1.538300
8.590100   3.759500   1.542500
8.629800   3.769000   1.545200
8.669600   3.778400   1.545700
8.709600   3.786900   1.546300
8.749800   3.794400   1.546800
8.790200   3.801400   1.546700
8.830800   3.808300   1.546100
8.871600   3.814000   1.546400
8.912500   3.819300   1.546900
8.953600   3.825500   1.551100
8.995000   3.831800   1.555900
9.036500   3.841400   1.556500
9.078200   3.850700   1.556800
9.120100   3.857500   1.555300
9.162200   3.864100   1.554400
9.204500   3.870000   1.556600
9.247000   3.877100   1.559000
9.289700   3.886600   1.562200
9.332500   3.896100   1.561200
9.375600   3.905700   1.554900
9.418900   3.911500   1.550000
9.462400   3.914100   1.546200
9.506000   3.918200   1.547800
9.549900   3.922900   1.552000
9.594000   3.930900   1.551000
9.638300   3.939800   1.548300
9.682800   3.944200   1.543400
9.727500   3.948000   1.538100
9.772400   3.951100   1.541700
9.817500   3.954700   1.544700
9.862800   3.961600   1.541500
9.908300   3.967600   1.538200
9.954100   3.970200   1.534500
10.000000   3.973100   1.532700
10.046000   3.976300   1.534900
10.093000   3.980800   1.535500
10.139000   3.986500   1.534500
10.186000   3.991000   1.531100
10.233000   3.994700   1.525900
10.280000   3.996300   1.523300
10.328000   3.996900   1.522300
10.375000   3.998600   1.522400
10.423000   4.000700   1.522900
10.471000   4.001500   1.518400
10.520000   4.002000   1.513000
10.568000   3.998200   1.515100
10.617000   3.995100   1.518100
10.666000   3.995600   1.525700
10.715000   3.997200   1.531500
10.765000   4.001200   1.532900
10.814000   4.004800   1.534300
10.864000   4.007600   1.535400
10.914000   4.008800   1.536000
10.965000   4.008300   1.536000
11.015000   4.007400   1.539400
11.066000   4.006300   1.546200
11.117000   4.009000   1.554700
11.169000   4.013100   1.564000
11.220000   4.018000   1.567200
11.272000   4.023200   1.568800
11.324000   4.028400   1.575900
11.376000   4.033900   1.583400
11.429000   4.041800   1.586500
11.482000   4.049500   1.589200
11.535000   4.056400   1.590300
11.588000   4.062600   1.591200
11.641000   4.067500   1.591600
11.695000   4.072400   1.592300
11.749000   4.077200   1.593400
11.803000   4.080900   1.593800
11.858000   4.083100   1.593200
11.912000   4.086000   1.597600
11.967000   4.089200   1.605200
12.023000   4.095800   1.608600
12.078000   4.103400   1.610600
12.134000   4.110300   1.611000
12.190000   4.117000   1.611000
12.246000   4.122100   1.611000
12.303000   4.127300   1.611000
12.359000   4.133000   1.610500
12.417000   4.138000   1.609000
12.474000   4.138000   1.600700
12.531000   4.137200   1.595500
12.589000   4.133100   1.603000
12.647000   4.130300   1.606500
12.706000   4.128900   1.605600
12.764000   4.126200   1.610300
12.823000   4.121900   1.623200
12.882000   4.123000   1.636700
12.942000   4.128400   1.650800
13.002000   4.136500   1.661100
13.062000   4.145700   1.669800
13.122000   4.157000   1.680100
13.183000   4.168600   1.690700
13.243000   4.183600   1.693000
13.305000   4.198900   1.694000
13.366000   4.210700   1.694000
13.428000   4.222500   1.693500
13.490000   4.234900   1.689600
13.552000   4.245000   1.683900
13.614000   4.250800   1.675000
13.677000   4.254700   1.669500
13.740000   4.256300   1.668500
13.804000   4.257000   1.666000
13.868000   4.257000   1.662300
13.932000   4.257300   1.665900
13.996000   4.257900   1.673400
14.060000   4.262200   1.675800
14.125000   4.267600   1.676900
14.191000   4.273100   1.682600
14.256000   4.278700   1.688600
14.322000   4.287800   1.688000
14.388000   4.296500   1.686600
14.454000   4.300600   1.683000
14.521000   4.304500   1.680300
14.588000   4.307300   1.682000
14.655000   4.310400   1.682600
14.723000   4.314000   1.681600
14.791000   4.316500   1.681000
14.859000   4.317500   1.681000
14.928000   4.318600   1.683300
14.997000   4.319600   1.687600
15.066000   4.322100   1.691500
15.136000   4.325300   1.695200
15.205000   4.329900   1.700700
15.276000   4.334700   1.706600
15.346000   4.342600   1.709400
15.417000   4.350700   1.711900
15.488000   4.357300   1.709400
15.560000   4.363300   1.706900
15.631000   4.365900   1.706400
15.704000   4.368200   1.705700
15.776000   4.369200   1.704200
15.849000   4.369700   1.703700
15.922000   4.368600   1.706500
15.996000   4.368800   1.712100
16.069000   4.370300   1.720500
16.144000   4.372900   1.725600
16.218000   4.376100   1.728200
16.293000   4.380000   1.736200
16.368000   4.384300   1.746400
16.444000   4.393100   1.752300
16.520000   4.402700   1.757300
16.596000   4.412000   1.758000
16.672000   4.421200   1.757900
16.749000   4.426300   1.755300
16.827000   4.431100   1.753000
16.904000   4.432800   1.753600
16.982000   4.434000   1.754500
17.061000   4.434000   1.756000
17.140000   4.434600   1.761000
17.219000   4.436200   1.771500
17.298000   4.441600   1.780600
17.378000   4.451200   1.788000
17.458000   4.460500   1.791600
17.539000   4.469600   1.792700
17.620000   4.476500   1.793700
17.701000   4.482600   1.794800
17.783000   4.488200   1.797500
17.865000   4.493700   1.800800
17.947000   4.499800   1.802500
18.030000   4.506000   1.804000
18.113000   4.512800   1.808700
18.197000   4.519800   1.813000
18.281000   4.528700   1.813000
18.365000   4.537100   1.813200
18.450000   4.544000   1.813700
18.535000   4.550700   1.814000
18.621000   4.557300   1.814000
18.707000   4.563300   1.812400
18.793000   4.568700   1.808600
18.880000   4.573800   1.808300
18.967000   4.578700   1.810400
19.055000   4.582700   1.807200
19.143000   4.586300   1.802000
19.231000   4.587000   1.802300
19.320000   4.587000   1.803800
19.409000   4.588900   1.805400
19.498000   4.591000   1.807000
19.588000   4.591000   1.806500
19.679000   4.591200   1.806900
19.770000   4.592800   1.816000
19.861000   4.595500   1.823400
19.953000   4.602000   1.825000
20.045000   4.606800   1.825600
20.137000   4.609000   1.824500
20.230000   4.609400   1.826200
20.324000   4.608400   1.830400
20.417000   4.608300   1.836200
20.512000   4.608800   1.843000
20.606000   4.611600   1.851300
20.701000   4.615300   1.860300
20.797000   4.621600   1.869300
20.893000   4.628500   1.878300
20.989000   4.637500   1.885000
21.086000   4.646600   1.891200
21.184000   4.656400   1.895000
21.281000   4.665900   1.898200
21.380000   4.674700   1.899300
21.478000   4.682900   1.900000
21.577000   4.689700   1.900000
21.677000   4.696000   1.900000
21.777000   4.701200   1.900000
21.878000   4.706000   1.900500
21.979000   4.710300   1.901600
22.080000   4.713600   1.903300
22.182000   4.716300   1.905400
22.284000   4.719700   1.908700
22.387000   4.723500   1.912500
22.491000   4.727600   1.917100
22.594000   4.731800   1.921700
22.699000   4.736400   1.926400
22.803000   4.741200   1.931200
22.909000   4.747900   1.936200
23.014000   4.754500   1.940900
23.121000   4.761100   1.945000
23.227000   4.767900   1.948800
23.335000   4.775400   1.952000
23.442000   4.782800   1.955300
23.550000   4.789800   1.958500
23.659000   4.796400   1.961100
23.768000   4.802600   1.963200
23.878000   4.808900   1.965300
23.988000   4.815200   1.967400
24.099000   4.821500   1.969500
24.210000   4.827900   1.971600
24.322000   4.833800   1.974200
24.434000   4.839700   1.976900
24.547000   4.845600   1.979000
24.660000   4.851500   1.981200
24.774000   4.857200   1.983300
24.889000   4.862900   1.985400
25.003000   4.868400   1.988200
25.119000   4.874000   1.990900
25.235000   4.879800   1.993500
25.351000   4.885300   1.996200
25.468000   4.890700   1.998800
25.586000   4.896000   2.001500
25.704000   4.901400   2.004200
25.823000   4.907000   2.007200
25.942000   4.912700   2.010300
26.062000   4.918400   2.013400
26.182000   4.924100   2.016500
26.303000   4.930100   2.020300
26.424000   4.936200   2.024100
26.546000   4.942800   2.027200
26.669000   4.949500   2.030200
26.792000   4.956500   2.033400
26.915000   4.963500   2.036600
27.040000   4.971100   2.039300
27.164000   4.978400   2.041600
27.290000   4.985200   2.043100
27.416000   4.991800   2.044700
27.542000   4.998100   2.046300
27.669000   5.004200   2.047900
27.797000   5.010000   2.049500
27.925000   5.015600   2.051400
28.054000   5.020900   2.053600
28.184000   5.025700   2.056100
28.314000   5.030400   2.058700
28.445000   5.036300   2.061900
28.576000   5.042200   2.065100
28.708000   5.047500   2.068300
28.840000   5.052900   2.071600
28.973000   5.059100   2.075700
29.107000   5.065400   2.079800
29.242000   5.072400   2.083500
29.376000   5.079500   2.087300
29.512000   5.086800   2.090900
29.648000   5.094500   2.094400
29.785000   5.102700   2.097700
29.923000   5.110800   2.100300
30.061000   5.118700   2.102400
30.200000   5.126500   2.103700
30.339000   5.134300   2.104800
30.479000   5.141900   2.105800
30.620000   5.149400   2.106900
30.761000   5.156300   2.108000
30.903000   5.163100   2.109000
31.046000   5.168900   2.110100
31.189000   5.174800   2.111300
31.333000   5.181300   2.113400
31.477000   5.187800   2.115600
31.623000   5.194800   2.117700
31.769000   5.201900   2.119400
31.915000   5.209300   2.120500
32.063000   5.216400   2.121300
32.211000   5.223300   2.121800
32.359000   5.229800   2.122300
32.509000   5.236200   2.122900
32.659000   5.241800   2.123000
32.810000   5.247000   2.123000
32.961000   5.251900   2.123400
33.113000   5.256800   2.124000
33.266000   5.261500   2.125500
33.420000   5.266300   2.127100
33.574000   5.271700   2.129300
33.729000   5.277000   2.131400
33.884000   5.282200   2.133500
34.041000   5.287400   2.135300
34.198000   5.292800   2.136400
34.356000   5.298000   2.137700
34.514000   5.302700   2.139200
34.674000   5.307200   2.141400
34.834000   5.311300   2.143900
34.995000   5.315500   2.146900
35.156000   5.319800   2.150100
35.318000   5.324800   2.154100
35.481000   5.330100   2.158300
35.645000   5.336700   2.162500
35.810000   5.343600   2.166700
35.975000   5.351500   2.169500
36.141000   5.359500   2.172100
36.308000   5.366800   2.173700
36.475000   5.374000   2.175100
36.644000   5.380500   2.175600
36.813000   5.386700   2.176300
36.983000   5.392000   2.177400
37.154000   5.397200   2.178900
37.325000   5.402400   2.181000
37.497000   5.407700   2.183400
37.670000   5.413100   2.186100
37.844000   5.419200   2.188400
38.019000   5.425500   2.190500
38.194000   5.431400   2.192200
38.371000   5.437100   2.193700
38.548000   5.442900   2.195300
38.726000   5.448900   2.197000
38.905000   5.454100   2.199100
39.084000   5.459500   2.201200
39.264000   5.465300   2.203900
39.446000   5.471200   2.206500
39.628000   5.477100   2.209200
39.811000   5.483300   2.211500
39.994000   5.490100   2.213100
40.179000   5.496500   2.214200
40.365000   5.502300   2.214800
40.551000   5.507300   2.215300
40.738000   5.511600   2.215800
40.926000   5.515500   2.217400
41.115000   5.519100   2.219500
41.305000   5.522800   2.222400
41.495000   5.526500   2.225600
41.687000   5.531200   2.229700
41.879000   5.536000   2.234000
42.073000   5.541700   2.237700
42.267000   5.547500   2.241300
42.462000   5.553900   2.245000
42.658000   5.560300   2.248500
42.855000   5.567300   2.251200
43.053000   5.574000   2.253700
43.251000   5.580500   2.255800
43.451000   5.586600   2.258000
43.652000   5.592400   2.260100
43.853000   5.598000   2.261900
44.055000   5.603300   2.263500
44.259000   5.608200   2.265100
44.463000   5.612900   2.266600
44.668000   5.616800   2.269400
44.875000   5.620500   2.272600
45.082000   5.625200   2.277200
45.290000   5.630000   2.282000
45.499000   5.635900   2.287400
45.709000   5.642000   2.292600
45.920000   5.649400   2.296800
46.132000   5.657000   2.300600
46.345000   5.665300   2.303200
46.559000   5.673400   2.305500
46.774000   5.680900   2.307100
46.989000   5.687700   2.308500
47.206000   5.693500   2.309500
47.424000   5.698700   2.310600
47.643000   5.703500   2.311700
47.863000   5.707900   2.314200
48.084000   5.712100   2.317300
48.306000   5.717600   2.321800
48.529000   5.723400   2.326500
48.753000   5.730800   2.330400
48.978000   5.738300   2.334100
49.204000   5.745600   2.335600
49.431000   5.752700   2.337000
49.659000   5.758000   2.337000
49.888000   5.763100   2.337500
50.119000   5.767300   2.339600
50.350000   5.771500   2.342300
50.582000   5.775700   2.346000
50.816000   5.780400   2.349900
51.050000   5.785700   2.354200
51.286000   5.791400   2.357900
51.523000   5.797300   2.361100
51.761000   5.803200   2.364300
52.000000   5.809000   2.367500
52.240000   5.815200   2.370600
52.481000   5.821500   2.373700
52.723000   5.827300   2.376900
52.966000   5.833200   2.380100
53.211000   5.839000   2.382200
53.456000   5.844700   2.384500
53.703000   5.849400   2.387600
53.951000   5.854200   2.391000
54.200000   5.858900   2.395300
54.450000   5.864300   2.399500
54.702000   5.870700   2.403800
54.954000   5.877100   2.407300
55.208000   5.883500   2.409900
55.463000   5.889200   2.412300
55.719000   5.894500   2.414400
55.976000   5.898700   2.417700
56.234000   5.902300   2.421300
56.494000   5.906900   2.427200
56.754000   5.911700   2.433600
57.016000   5.918900   2.439900
57.280000   5.926300   2.446100
57.544000   5.935500   2.449900
57.810000   5.944400   2.453200
58.076000   5.951700   2.454200
58.345000   5.958500   2.455300
58.614000   5.963800   2.456400
58.884000   5.968400   2.458600
59.156000   5.972200   2.462900
59.429000   5.977200   2.468000
59.704000   5.983600   2.473800
59.979000   5.990900   2.477300
60.256000   5.998900   2.479400
60.534000   6.003700   2.480000
60.813000   6.007400   2.480000
61.094000   6.009300   2.483500
61.376000   6.010900   2.487800
61.660000   6.014100   2.496700
61.944000   6.017600   2.505700
62.230000   6.024500   2.513600
62.517000   6.031700   2.521500
62.806000   6.040100   2.528800
63.096000   6.049000   2.535900
63.387000   6.059000   2.542200
63.680000   6.069600   2.547100
63.973000   6.080800   2.549800
64.269000   6.090000   2.550100
64.565000   6.097400   2.548600
64.863000   6.101700   2.549000
65.163000   6.104300   2.550600
65.464000   6.107400   2.556900
65.766000   6.110500   2.564800
66.069000   6.117800   2.574200
66.374000   6.125900   2.583800
66.681000   6.137900   2.590200
66.988000   6.150000   2.595900
67.298000   6.161000   2.594900
67.608000   6.171000   2.593600
67.920000   6.176400   2.591400
68.234000   6.180700   2.591200
68.549000   6.182800   2.594900
68.865000   6.185800   2.599500
69.183000   6.190000   2.605300
69.502000   6.194900   2.611700
69.823000   6.200200   2.618700
70.146000   6.207300   2.626000
70.469000   6.215300   2.633400
70.795000   6.224000   2.639100
71.121000   6.232900   2.644400
71.450000   6.240600   2.647300
71.779000   6.248000   2.650000
72.111000   6.254800   2.655800
72.444000   6.261900   2.661600
72.778000   6.270400   2.668000
73.114000   6.278900   2.673500
73.451000   6.287300   2.675600
73.790000   6.295100   2.678600
74.131000   6.301500   2.683400
74.473000   6.308800   2.688800
74.817000   6.317200   2.695200
75.162000   6.325700   2.699200
75.509000   6.334300   2.701300
75.858000   6.341000   2.704500
76.208000   6.346800   2.708200
76.560000   6.353000   2.713600
76.913000   6.359300   2.719400
77.268000   6.364800   2.723800
77.625000   6.370100   2.728100
77.983000   6.376400   2.739200
78.343000   6.384000   2.750600
78.705000   6.400500   2.764500
79.068000   6.417200   2.773800
79.433000   6.434700   2.769100
79.799000   6.447700   2.763400
80.168000   6.452400   2.756000
80.538000   6.454300   2.754200
80.910000   6.452700   2.758900
81.283000   6.455400   2.769200
81.658000   6.461300   2.783700
82.035000   6.471900   2.793900
82.414000   6.484500   2.802300
82.794000   6.497200   2.807000
83.176000   6.509900   2.810700
83.560000   6.522200   2.815400
83.946000   6.534700   2.820100
84.333000   6.550400   2.823300
84.723000   6.565400   2.824700
85.114000   6.576000   2.815200
85.507000   6.583500   2.806600
85.901000   6.581300   2.800700
86.298000   6.580400   2.802700
86.696000   6.581500   2.818100
87.096000   6.587700   2.829400
87.498000   6.599300   2.836200
87.902000   6.609400   2.839600
88.308000   6.618300   2.840700
88.716000   6.625500   2.845500
89.125000   6.631800   2.851800
89.536000   6.642900   2.860400
89.950000   6.655100   2.869300
90.365000   6.667400   2.868500
90.782000   6.679400   2.867000
91.201000   6.686300   2.867600
91.622000   6.693200   2.868700
92.045000   6.700100   2.873000
92.470000   6.707200   2.876700
92.897000   6.715100   2.879400
93.325000   6.723100   2.882000
93.756000   6.731100   2.884700
94.189000   6.737700   2.886800
94.624000   6.743000   2.888400
95.060000   6.748600   2.893600
95.499000   6.754400   2.901000
95.940000   6.763300   2.907200
96.383000   6.773300   2.913000
96.828000   6.782000   2.914400
97.275000   6.790500   2.915000
97.724000   6.795500   2.917500
98.175000   6.800300   2.920500
98.628000   6.805600   2.929000
99.083000   6.811900   2.937500
99.541000   6.822400   2.946000
100.000000   6.833000   2.952500
100.460000   6.843600   2.954100
100.930000   6.852000   2.957300
101.390000   6.858200   2.961900
101.860000   6.866200   2.969200
102.330000   6.875600   2.978600
102.800000   6.886700   2.984400
103.280000   6.898800   2.988000
103.750000   6.909100   2.990600
104.230000   6.918600   2.992700
104.710000   6.929700   2.999000
105.200000   6.940900   3.005900
105.680000   6.952800   3.004900
106.170000   6.963800   3.004100
106.660000   6.969200   3.004600
107.150000   6.974900   3.005800
107.650000   6.983700   3.012900
108.140000   6.992200   3.017700
108.640000   7.000000   3.016600
109.140000   7.006400   3.018900
109.650000   7.011500   3.025000
110.150000   7.018200   3.031700
110.660000   7.026700   3.039000
111.170000   7.037200   3.046200
111.690000   7.048500   3.053400
112.200000   7.058700   3.054200
112.720000   7.068500   3.053200
113.240000   7.074900   3.056500
113.760000   7.080600   3.060700
114.290000   7.087800   3.067400
114.820000   7.095300   3.074200
115.350000   7.104800   3.080000
115.880000   7.114500   3.085900
116.410000   7.124700   3.091700
116.950000   7.135800   3.098000
117.490000   7.149300   3.105000
118.030000   7.161700   3.107800
118.580000   7.172600   3.105100
119.120000   7.180300   3.106400
119.670000   7.185700   3.110400
120.230000   7.193200   3.115600
120.780000   7.202100   3.121700
121.340000   7.211200   3.127000
121.900000   7.220400   3.132100
122.460000   7.231700   3.137600
123.030000   7.243600   3.143200
123.590000   7.256500   3.147300
124.170000   7.269000   3.150500
124.740000   7.277300   3.145800
125.310000   7.284900   3.143100
125.890000   7.289700   3.148900
126.470000   7.295400   3.154400
127.060000   7.303300   3.159200
127.640000   7.310400   3.163300
128.230000   7.316300   3.166500
128.820000   7.323100   3.174500
129.420000   7.330700   3.186400
130.020000   7.342900   3.195700
130.620000   7.357000   3.203900
131.220000   7.370300   3.207600
131.830000   7.383400   3.210600
132.430000   7.398600   3.214400
133.050000   7.413600   3.217500
133.660000   7.421800   3.210800
134.280000   7.429300   3.205400
134.900000   7.431900   3.209100
135.520000   7.435300   3.214000
136.140000   7.442100   3.224200
136.770000   7.451200   3.233700
137.400000   7.463300   3.242100
138.040000   7.475500   3.247100
138.680000   7.487700   3.249300
139.320000   7.498100   3.251600
139.960000   7.507500   3.254100
140.600000   7.516800   3.257000
141.250000   7.525900   3.260300
141.910000   7.534800   3.264000
142.560000   7.543500   3.267800
143.220000   7.552100   3.271800
143.880000   7.560700   3.275900
144.540000   7.570100   3.280800
145.210000   7.579500   3.285900
145.880000   7.588200   3.291000
146.550000   7.597200   3.296200
147.230000   7.606500   3.301400
147.910000   7.616300   3.306800
148.590000   7.627200   3.312500
149.280000   7.637600   3.317900
149.970000   7.647600   3.323200
150.660000   7.657600   3.328300
151.360000   7.667500   3.333300
152.050000   7.678000   3.338200
152.760000   7.688800   3.343000
153.460000   7.699700   3.347900
154.170000   7.710500   3.352800
154.880000   7.721200   3.357400
155.600000   7.731900   3.362000
156.310000   7.743600   3.367000
157.040000   7.755100   3.371900
157.760000   7.765900   3.376500
158.490000   7.776900   3.381200
159.220000   7.787800   3.385900
159.960000   7.798900   3.390500
160.690000   7.809900   3.394700
161.440000   7.821300   3.398900
162.180000   7.833000   3.403200
162.930000   7.845100   3.407500
163.680000   7.857400   3.411800
164.440000   7.869800   3.415700
165.200000   7.882300   3.419500
165.960000   7.894100   3.423100
166.720000   7.905900   3.426700
167.490000   7.918400   3.429500
168.270000   7.931000   3.432200
169.040000   7.943000   3.434300
169.820000   7.954700   3.436200
170.610000   7.965700   3.437800
171.400000   7.976600   3.439100
172.190000   7.987200   3.439700
172.980000   7.997400   3.440400
173.780000   8.007000   3.441400
174.580000   8.016100   3.442800
175.390000   8.024700   3.444400
176.200000   8.032700   3.446300
177.010000   8.040200   3.448500
177.830000   8.047100   3.451800
178.650000   8.053800   3.455300
179.470000   8.061300   3.460500
180.300000   8.069000   3.466000
181.130000   8.076300   3.473300
181.970000   8.083800   3.480700
182.810000   8.093300   3.488500
183.650000   8.103000   3.496500
184.500000   8.114200   3.505000
185.350000   8.125800   3.513400
186.210000   8.138700   3.521400
187.070000   8.152200   3.529200
187.930000   8.166800   3.536800
188.800000   8.181500   3.542900
189.670000   8.196400   3.548100
190.550000   8.212300   3.552400
191.430000   8.228700   3.556200
192.310000   8.243700   3.558300
193.200000   8.258300   3.559800
194.090000   8.272100   3.560900
194.980000   8.285800   3.562000
195.880000   8.298500   3.562500
196.790000   8.311100   3.563100
197.700000   8.322300   3.563600
198.610000   8.333500   3.564400
199.530000   8.344300   3.566000
200.450000   8.354900   3.567800
201.370000   8.365200   3.569800
202.300000   8.375700   3.572400
203.240000   8.386700   3.575700
204.170000   8.397700   3.578900
205.120000   8.408700   3.582100
206.060000   8.420100   3.585200
207.010000   8.431700   3.588400
207.970000   8.443900   3.591100
208.930000   8.456100   3.593800
209.890000   8.467400   3.596400
210.860000   8.478600   3.598900
211.840000   8.491000   3.600000
212.810000   8.503300   3.601200
213.800000   8.514800   3.602800
214.780000   8.525800   3.604300
215.770000   8.535800   3.605300
216.770000   8.545700   3.606600
217.770000   8.555700   3.608200
218.780000   8.565300   3.610300
219.790000   8.574300   3.612900
220.800000   8.583700   3.615900
221.820000   8.593400   3.619100
222.840000   8.603100   3.622600
223.870000   8.612800   3.626200
224.910000   8.623900   3.630400
225.940000   8.635400   3.634800
226.990000   8.646400   3.638500
228.030000   8.657400   3.642100
229.090000   8.669500   3.645300
230.140000   8.681500   3.648300
231.210000   8.692700   3.650400
232.270000   8.703700   3.652400
233.350000   8.714500   3.654000
234.420000   8.724800   3.655800
235.500000   8.734600   3.657900
236.590000   8.744200   3.660200
237.680000   8.753500   3.663000
238.780000   8.762900   3.666600
239.880000   8.772300   3.670800
240.990000   8.781800   3.675800
242.100000   8.791300   3.681100
243.220000   8.802700   3.687300
244.340000   8.814400   3.693700
245.470000   8.826700   3.699400
246.600000   8.839100   3.705000
247.740000   8.854300   3.709400
248.890000   8.869400   3.713400
250.030000   8.884000   3.716000
251.190000   8.898400   3.718100
252.350000   8.912100   3.718700
253.510000   8.925300   3.718600
254.680000   8.937600   3.717600
255.860000   8.949100   3.716700
257.040000   8.959800   3.716200
258.230000   8.969600   3.716300
259.420000   8.978800   3.716900
260.620000   8.987400   3.719000
261.820000   8.995700   3.721600
263.030000   9.005100   3.725100
264.240000   9.014500   3.728800
265.460000   9.024600   3.732500
266.690000   9.034800   3.736300
267.920000   9.046000   3.740600
269.150000   9.057300   3.744600
270.400000   9.068700   3.747700
271.640000   9.080200   3.750600
272.900000   9.091600   3.752800
274.160000   9.102700   3.754900
275.420000   9.113200   3.757000
276.690000   9.123500   3.759500
277.970000   9.133600   3.762100
279.250000   9.143200   3.765100
280.540000   9.152400   3.768100
281.840000   9.162800   3.772100
283.140000   9.173700   3.776500
284.450000   9.184700   3.781100
285.760000   9.195700   3.785900
287.080000   9.207300   3.790100
288.400000   9.219000   3.794200
289.730000   9.231200   3.797400
291.070000   9.243400   3.800400
292.420000   9.255300   3.802500
293.760000   9.267100   3.804400
295.120000   9.278500   3.806100
296.480000   9.289300   3.807900
297.850000   9.299300   3.810000
299.230000   9.309000   3.812700
300.610000   9.318600   3.815900
302.000000   9.328200   3.819400
303.390000   9.337900   3.823200
304.790000   9.347700   3.827600
306.200000   9.357600   3.832300
307.610000   9.368000   3.837000
309.030000   9.378500   3.841800
310.460000   9.389500   3.846700
311.890000   9.400400   3.851700
313.330000   9.411200   3.856800
314.770000   9.422200   3.862000
316.230000   9.434100   3.867400
317.690000   9.445800   3.872900
319.150000   9.457400   3.878700
320.630000   9.469400   3.884700
322.110000   9.482100   3.891000
323.590000   9.495700   3.897400
325.090000   9.510100   3.903800
326.590000   9.525300   3.909500
328.100000   9.540900   3.914900
329.610000   9.557000   3.918900
331.130000   9.573200   3.922600
332.660000   9.589100   3.924900
334.200000   9.604900   3.927000
335.740000   9.619900   3.928100
337.290000   9.634600   3.929100
338.840000   9.647600   3.930200
340.410000   9.660700   3.931300
341.980000   9.674200   3.932900
343.560000   9.687700   3.934600
345.140000   9.700900   3.936100
346.740000   9.714200   3.937700
348.340000   9.727500   3.939300
349.950000   9.741000   3.940900
351.560000   9.754500   3.942500
353.180000   9.767800   3.944100
354.810000   9.780900   3.945600
356.450000   9.794500   3.947200
358.100000   9.808300   3.948800
359.750000   9.822200   3.949900
361.410000   9.836100   3.951000
363.080000   9.851700   3.952100
364.750000   9.867300   3.952900
366.440000   9.882600   3.952400
368.130000   9.898000   3.951200
369.830000   9.914000   3.948000
371.540000   9.928800   3.943700
373.250000   9.941800   3.937400
374.970000   9.953600   3.931100
376.700000   9.963900   3.924600
378.440000   9.971800   3.918200
380.190000   9.978200   3.911800
381.940000   9.983000   3.907000
383.710000   9.987300   3.902700
385.480000   9.989700   3.900700
387.260000   9.991800   3.899100
389.050000   9.993500   3.900900
390.840000   9.995000   3.903100
392.640000   9.997200   3.907900
394.460000   9.999800   3.913100
396.280000   10.006000   3.920600
398.110000   10.011000   3.928500
399.940000   10.017000   3.937400
401.790000   10.022000   3.946400
403.650000   10.027000   3.955400
405.510000   10.038000   3.964200
407.380000   10.054000   3.972700
409.260000   10.066000   3.979900
411.150000   10.077000   3.986200
413.050000   10.088000   3.991400
414.950000   10.098000   3.996100
416.870000   10.109000   4.000900
418.790000   10.119000   4.005700
420.730000   10.130000   4.011400
422.670000   10.140000   4.017200
424.620000   10.151000   4.024100
426.580000   10.162000   4.030900
428.550000   10.172000   4.037300
430.530000   10.183000   4.043700
432.510000   10.194000   4.050200
434.510000   10.206000   4.056400
436.520000   10.222000   4.062200
438.530000   10.235000   4.068300
440.550000   10.246000   4.074700
442.590000   10.257000   4.081300
444.630000   10.267000   4.088100
446.680000   10.281000   4.095000
448.750000   10.297000   4.101800
450.820000   10.313000   4.108300
452.900000   10.329000   4.114700
454.990000   10.340000   4.120600
457.090000   10.351000   4.126400
459.200000   10.367000   4.131200
461.320000   10.383000   4.135900
463.450000   10.399000   4.140700
465.590000   10.415000   4.145200
467.740000   10.431000   4.148800
469.890000   10.447000   4.152500
472.060000   10.462000   4.156200
474.240000   10.478000   4.159700
476.430000   10.494000   4.162900
478.630000   10.507000   4.166000
480.840000   10.517000   4.169200
483.060000   10.532000   4.172000
485.290000   10.548000   4.174600
487.530000   10.564000   4.176800
489.780000   10.580000   4.179000
492.040000   10.596000   4.181100
494.310000   10.611000   4.183100
496.590000   10.627000   4.184700
498.880000   10.642000   4.186300
501.190000   10.653000   4.187900
503.500000   10.665000   4.189500
505.820000   10.681000   4.191100
508.160000   10.694000   4.192400
510.500000   10.705000   4.193500
512.860000   10.719000   4.194900
515.230000   10.735000   4.196500
517.610000   10.747000   4.197700
520.000000   10.757000   4.198700
522.400000   10.772000   4.199800
524.810000   10.788000   4.200900
527.230000   10.799000   4.201900
529.660000   10.810000   4.203000
532.110000   10.826000   4.204000
534.560000   10.841000   4.205200
537.030000   10.852000   4.206700
539.510000   10.862000   4.208200
542.000000   10.873000   4.209300
544.500000   10.885000   4.210500
547.020000   10.901000   4.212100
549.540000   10.915000   4.213500
552.080000   10.925000   4.214500
554.630000   10.936000   4.215900
557.190000   10.947000   4.217500
559.760000   10.957000   4.219100
562.340000   10.968000   4.220700
564.940000   10.983000   4.222700
567.540000   10.998000   4.224800
570.160000   11.009000   4.226400
572.800000   11.020000   4.228000
575.440000   11.031000   4.230100
578.100000   11.041000   4.232200
580.760000   11.052000   4.234400
583.450000   11.063000   4.236600
586.140000   11.073000   4.239300
588.840000   11.084000   4.241700
591.560000   11.094000   4.243900
594.290000   11.105000   4.246200
597.040000   11.116000   4.248900
599.790000   11.129000   4.251500
602.560000   11.145000   4.254200
605.340000   11.157000   4.257200
608.130000   11.168000   4.260400
610.940000   11.178000   4.263500
613.760000   11.189000   4.266700
616.600000   11.200000   4.269400
619.440000   11.210000   4.272100
622.300000   11.221000   4.275800
625.170000   11.231000   4.279400
628.060000   11.242000   4.282600
630.960000   11.253000   4.286000
633.870000   11.263000   4.289700
636.800000   11.276000   4.293400
639.730000   11.292000   4.297000
642.690000   11.305000   4.300700
645.650000   11.316000   4.304400
648.630000   11.326000   4.308500
651.630000   11.337000   4.312800
654.640000   11.348000   4.317000
657.660000   11.358000   4.321200
660.690000   11.369000   4.325500
663.740000   11.379000   4.329800
666.810000   11.395000   4.334500
669.880000   11.411000   4.339300
672.980000   11.421000   4.343500
676.080000   11.432000   4.347700
679.200000   11.442000   4.352500
682.340000   11.454000   4.357300
685.490000   11.470000   4.362100
688.650000   11.484000   4.366900
691.830000   11.495000   4.371700
695.020000   11.505000   4.376400
698.230000   11.516000   4.381100
701.460000   11.530000   4.385900
704.690000   11.546000   4.390700
707.950000   11.558000   4.395500
711.210000   11.568000   4.400300
714.500000   11.583000   4.405000
717.790000   11.599000   4.409700
721.110000   11.615000   4.414500
724.440000   11.631000   4.419300
727.780000   11.641000   4.424100
731.140000   11.653000   4.428800
734.510000   11.669000   4.433000
737.900000   11.685000   4.437400
741.310000   11.700000   4.442100
744.730000   11.714000   4.446900
748.170000   11.725000   4.451700
751.620000   11.738000   4.456200
755.090000   11.754000   4.460400
758.580000   11.770000   4.464600
762.080000   11.786000   4.468900
765.600000   11.798000   4.473600
769.130000   11.809000   4.478400
772.680000   11.824000   4.482200
776.250000   11.839000   4.485800
779.830000   11.855000   4.490100
783.430000   11.871000   4.494300
787.050000   11.887000   4.498000
790.680000   11.903000   4.501800
794.330000   11.919000   4.506000
797.990000   11.935000   4.510000
801.680000   11.951000   4.513200
805.380000   11.967000   4.516600
809.100000   11.983000   4.520300
812.830000   11.999000   4.523700
816.580000   12.014000   4.526900
820.350000   12.030000   4.530000
824.140000   12.046000   4.533200
827.940000   12.062000   4.536000
831.760000   12.078000   4.538600
835.600000   12.094000   4.541300
839.460000   12.110000   4.544000
843.330000   12.126000   4.546600
847.230000   12.142000   4.549200
851.140000   12.158000   4.551300
855.070000   12.173000   4.553500
859.010000   12.189000   4.555600
862.980000   12.203000   4.557500
866.960000   12.214000   4.559100
870.960000   12.227000   4.560900
874.980000   12.243000   4.563000
879.020000   12.259000   4.564900
883.080000   12.274000   4.566400
887.160000   12.290000   4.567700
891.250000   12.306000   4.568800
895.360000   12.322000   4.570200
899.500000   12.338000   4.571800
903.650000   12.354000   4.572900
907.820000   12.370000   4.574000
912.010000   12.386000   4.575100
916.220000   12.401000   4.576200
920.450000   12.412000   4.577800
924.700000   12.424000   4.579200
928.970000   12.440000   4.580300
933.250000   12.455000   4.581400
937.560000   12.471000   4.582400
941.890000   12.487000   4.583500
946.240000   12.503000   4.584500
950.600000   12.516000   4.585600
954.990000   12.527000   4.586700
959.400000   12.541000   4.587700
963.830000   12.557000   4.588800
968.280000   12.573000   4.589800
972.750000   12.588000   4.590900
977.240000   12.600000   4.592000
981.750000   12.610000   4.593000
986.280000   12.626000   4.594100
990.830000   12.642000   4.595100
995.410000   12.658000   4.596200
1000.000000   12.672000   4.597200
1041.400000   12.796000   4.606600
1096.400000   12.958000   4.618500
1154.200000   13.121000   4.630400
1215.100000   13.287000   4.642400
1279.200000   13.454000   4.654400
1346.700000   13.624000   4.666400
1417.700000   13.796000   4.678500
1492.500000   13.970000   4.690500
1571.200000   14.146000   4.702600
1654.100000   14.325000   4.714800
1741.400000   14.506000   4.727000
1833.200000   14.689000   4.739200
1930.000000   14.874000   4.751400
2031.800000   15.062000   4.763700
2138.900000   15.252000   4.776000
2251.800000   15.444000   4.788300
2370.600000   15.639000   4.800600
2495.600000   15.836000   4.813000
2627.300000   16.036000   4.825500
2765.900000   16.239000   4.837900
2911.800000   16.443000   4.850400
3065.400000   16.651000   4.862900
3227.100000   16.861000   4.875500
3397.300000   17.074000   4.888100
3576.600000   17.289000   4.900700
3765.200000   17.507000   4.913300
3963.900000   17.728000   4.926000
4173.000000   17.952000   4.938700
4393.100000   18.179000   4.951500
4624.900000   18.408000   4.964300
4868.900000   18.640000   4.977100
5125.700000   18.875000   4.989900
5396.100000   19.114000   5.002800
5680.800000   19.355000   5.015700
5980.400000   19.599000   5.028700
6295.900000   19.846000   5.041700
6628.100000   20.097000   5.054700
6977.700000   20.350000   5.067700
7345.800000   20.607000   5.080800
7733.300000   20.867000   5.093900
8141.300000   21.130000   5.107100
8570.800000   21.397000   5.120300
9022.900000   21.667000   5.133500
9498.900000   21.940000   5.146700
10000.000000   22.217000   5.160000
10481.131342   22.473233   5.172194
10985.411420   22.732293   5.184398
11513.953993   22.994340   5.196630
12067.926406   23.259407   5.208892
12648.552169   23.527530   5.221182
13257.113656   23.798743   5.233501
13894.954944   24.073083   5.245850
14563.484775   24.350586   5.258227
15264.179672   24.631287   5.270634
15998.587196   24.915225   5.283070
16768.329368   25.202435   5.295535
17575.106249   25.492956   5.308030
18420.699693   25.786826   5.320554
19306.977289   26.084084   5.333108
20235.896477   26.384768   5.345691
21209.508879   26.688918   5.358304
22229.964825   26.996575   5.370947
23299.518105   27.307778   5.383619
24420.530945   27.622568   5.396322
25595.479227   27.940987   5.409054
26826.957953   28.263077   5.421817
28117.686980   28.588880   5.434610
29470.517026   28.918438   5.447433
30888.435965   29.251795   5.460286
32374.575428   29.588996   5.473169
33932.217719   29.930083   5.486083
35564.803062   30.275102   5.499027
37275.937203   30.624098   5.512002
39069.399371   30.977117   5.525008
40949.150624   31.334206   5.538044
42919.342601   31.695411   5.551111
44984.326690   32.060780   5.564208
47148.663635   32.430361   5.577337
49417.133613   32.804202   5.590497
51794.746792   33.182352   5.603687
54286.754393   33.564862   5.616909
56898.660290   33.951781   5.630162
59636.233166   34.343160   5.643446
62505.519253   34.739050   5.656762
65512.855686   35.139505   5.670109
68664.884500   35.544576   5.683487
71968.567300   35.954316   5.696897
75431.200634   36.368779   5.710339
79060.432109   36.788020   5.723813
82864.277285   37.212094   5.737318
86851.137375   37.641057   5.750855
91029.817799   38.074964   5.764424
95409.547635   38.513873   5.778025
100000.000000   38.957842   5.791658
