1.239840E+05 -1.3217E+01 4.1654E+04  1.4329E+02 1.4434E+02
1.239840E+04 -1.3217E+01 4.1653E+03  4.4569E+01 4.5703E+01
2.000065E+03 -1.3206E+01 6.7152E+02  1.7158E+01 1.8491E+01
1.499927E+03 -1.3198E+01 5.0335E+02  1.4673E+01 1.6058E+01
1.239840E+03 -1.3189E+01 4.1585E+02  1.3210E+01 1.4632E+01
1.200232E+03 -1.3187E+01 4.0252E+02  1.2973E+01 1.4403E+01
9.998710E+02 -1.3173E+01 3.3506E+02  1.1710E+01 1.3181E+01
7.000791E+02 -1.3128E+01 2.3398E+02  9.5395E+00 1.1100E+01
4.999355E+02 -1.3044E+01 1.6626E+02  7.7934E+00 9.4534E+00
4.132800E+02 -1.2965E+01 1.3679E+02  6.9168E+00 8.6395E+00
3.542400E+02 -1.2876E+01 1.1663E+02  6.2580E+00 8.0346E+00
2.999855E+02 -1.2746E+01 9.7994E+01  5.5935E+00 7.4311E+00
2.500182E+02 -1.2547E+01 8.0690E+01  4.9146E+00 6.8212E+00
2.000065E+02 -1.2193E+01 6.3151E+01  4.1450E+00 6.1371E+00
1.749951E+02 -1.1903E+01 5.4254E+01  3.7135E+00 5.7551E+00
1.499927E+02 -1.1477E+01 4.5241E+01  3.2403E+00 5.3346E+00
1.350000E+02 -1.1120E+01 3.9766E+01  2.9315E+00 5.0573E+00
1.239840E+02 -1.0786E+01 3.5705E+01  2.6902E+00 4.8378E+00
1.180800E+02 -1.0576E+01 3.3514E+01  2.5552E+00 4.7133E+00
1.127127E+02 -1.0361E+01 3.1514E+01  2.4288E+00 4.5955E+00
1.033200E+02 -9.9238E+00 2.7995E+01  2.1984E+00 4.3765E+00
9.998710E+01 -9.7461E+00 2.6742E+01  2.1136E+00 4.2943E+00
9.537231E+01 -9.4778E+00 2.5002E+01  1.9935E+00 4.1760E+00
9.184000E+01 -9.2529E+00 2.3669E+01  1.8994E+00 4.0816E+00
8.856000E+01 -9.0275E+00 2.2429E+01  1.8103E+00 3.9906E+00
8.550621E+01 -8.8020E+00 2.1275E+01  1.7257E+00 3.9027E+00
8.265601E+01 -8.5768E+00 2.0199E+01  1.6454E+00 3.8177E+00
7.998968E+01 -8.3522E+00 1.9193E+01  1.5691E+00 3.7353E+00
7.749000E+01 -8.1287E+00 1.8251E+01  1.4965E+00 3.6553E+00
7.514182E+01 -7.9066E+00 1.7369E+01  1.4275E+00 3.5776E+00
7.293176E+01 -7.6861E+00 1.6541E+01  1.3617E+00 3.5019E+00
7.084800E+01 -7.4676E+00 1.5763E+01  1.2990E+00 3.4282E+00
7.000790E+01 -7.3764E+00 1.5450E+01  1.2735E+00 3.3978E+00
6.888000E+01 -7.2512E+00 1.5031E+01  1.2392E+00 3.3563E+00
6.701838E+01 -7.0373E+00 1.4342E+01  1.1821E+00 3.2862E+00
6.525474E+01 -6.8260E+00 1.3692E+01  1.1277E+00 3.2176E+00
6.358154E+01 -6.6174E+00 1.3080E+01  1.0757E+00 3.1506E+00
6.199200E+01 -6.4118E+00 1.2501E+01  1.0261E+00 3.0850E+00
5.904000E+01 -6.0098E+00 1.1438E+01  9.3352E-01 2.9578E+00
5.635637E+01 -5.6209E+00 1.0486E+01  8.4902E-01 2.8355E+00
5.390609E+01 -5.2457E+00 9.6309E+00  7.7194E-01 2.7176E+00
5.166000E+01 -4.8844E+00 8.8616E+00  7.0165E-01 2.6038E+00
4.999355E+01 -4.6056E+00 8.3010E+00  6.4995E-01 2.5155E+00
4.508509E+01 -3.7311E+00 6.7090E+00  5.0209E-01 2.2332E+00
4.132800E+01 -3.0101E+00 5.5630E+00  3.9731E-01 1.9906E+00
3.757091E+01 -2.2488E+00 4.4944E+00  3.0687E-01 1.7195E+00
3.350919E+01 -1.3897E+00 3.4425E+00  2.3991E-01 1.3882E+00
2.999855E+01 -6.2828E-01 2.6335E+00  2.3112E-01 1.0696E+00
2.755200E+01 -9.4748E-02 2.1309E+00  2.6894E-01 8.3962E-01
2.499677E+01  4.5795E-01 1.6634E+00  3.5460E-01 6.1400E-01
2.431059E+01  6.0464E-01 1.5483E+00  3.8464E-01 5.5910E-01
2.384308E+01  7.0401E-01 1.4724E+00  4.0642E-01 5.2347E-01
2.339321E+01  7.9912E-01 1.4014E+00  4.2822E-01 4.9061E-01
2.296000E+01  8.9019E-01 1.3348E+00  4.4986E-01 4.6033E-01
2.254255E+01  9.7744E-01 1.2724E+00  4.7120E-01 4.3244E-01
2.214000E+01  1.0611E+00 1.2138E+00  4.9214E-01 4.0673E-01
2.175158E+01  1.1412E+00 1.1588E+00  5.1260E-01 3.8304E-01
2.137655E+01  1.2181E+00 1.1070E+00  5.3251E-01 3.6117E-01
2.101424E+01  1.2919E+00 1.0583E+00  5.5183E-01 3.4098E-01
2.066400E+01  1.3627E+00 1.0124E+00  5.7055E-01 3.2232E-01
2.032525E+01  1.4308E+00 9.6923E-01  5.8865E-01 3.0505E-01
2.000065E+01  1.4955E+00 9.2887E-01  6.0596E-01 2.8920E-01
1.937250E+01  1.6193E+00 8.5369E-01  6.3924E-01 2.6039E-01
1.878546E+01  1.7333E+00 7.8691E-01  6.6997E-01 2.3561E-01
1.823294E+01  1.8389E+00 7.2711E-01  6.9844E-01 2.1405E-01
1.771200E+01  1.9413E+00 6.7344E-01  7.2607E-01 1.9508E-01
1.722000E+01  2.0323E+00 6.2513E-01  7.5049E-01 1.7856E-01
1.675459E+01  2.1171E+00 5.8156E-01  7.7313E-01 1.6399E-01
1.631368E+01  2.1961E+00 5.4218E-01  7.9414E-01 1.5110E-01
1.589538E+01  2.2698E+00 5.0651E-01  8.1365E-01 1.3964E-01
1.549800E+01  2.3387E+00 4.7414E-01  8.3179E-01 1.2942E-01
1.512000E+01  2.4032E+00 4.4471E-01  8.4869E-01 1.2028E-01
1.499928E+01  2.4236E+00 4.3558E-01  8.5401E-01 1.1747E-01
1.476000E+01  2.4636E+00 4.1790E-01  8.6444E-01 1.1207E-01
1.441674E+01  2.5203E+00 3.9343E-01  8.7915E-01 1.0468E-01
1.408909E+01  2.5735E+00 3.7106E-01  8.9290E-01 9.8014E-02
1.377600E+01  2.6279E+00 3.5061E-01  9.0691E-01 9.1931E-02
1.347652E+01  2.6750E+00 3.3184E-01  9.1897E-01 8.6464E-02
1.318979E+01  2.7237E+00 3.1463E-01  9.3141E-01 8.1450E-02
1.291500E+01  2.7656E+00 2.9880E-01  9.4203E-01 7.6929E-02
1.265143E+01  2.8095E+00 2.8426E-01  9.5314E-01 7.2769E-02
1.239840E+01  2.8512E+00 2.7088E-01  9.6366E-01 6.8973E-02
1.227564E+01  2.8735E+00 2.6462E-01  9.6926E-01 6.7188E-02
1.215529E+01  2.8997E+00 2.5866E-01  9.7585E-01 6.5454E-02
1.192154E+01  2.9551E+00 2.4774E-01  9.8973E-01 6.2254E-02
1.169660E+01  3.0620E+00 2.4080E-01  1.0163E+00 5.9712E-02
1.165263E+01  3.1081E+00 2.4233E-01  1.0277E+00 5.9753E-02
1.163077E+01  3.1514E+00 2.4493E-01  1.0384E+00 6.0080E-02
1.161987E+01  3.1753E+00 2.4720E-01  1.0442E+00 6.0462E-02
1.160899E+01  3.2082E+00 2.5056E-01  1.0523E+00 6.1044E-02
1.159813E+01  3.2457E+00 2.5565E-01  1.0614E+00 6.2007E-02
1.158729E+01  3.2969E+00 2.6386E-01  1.0739E+00 6.3615E-02
1.157647E+01  3.3712E+00 2.7776E-01  1.0918E+00 6.6393E-02
1.156567E+01  3.4780E+00 3.0370E-01  1.1173E+00 7.1716E-02
1.155489E+01  3.6556E+00 3.5997E-01  1.1593E+00 8.3354E-02
1.154413E+01  3.9774E+00 5.1677E-01  1.2340E+00 1.1566E-01
1.153340E+01  4.6787E+00 1.2268E+00  1.3967E+00 2.5594E-01
1.152482E+01  3.8815E+00 3.9979E+00  1.3655E+00 8.4505E-01
1.152375E+01  3.1929E+00 4.2134E+00  1.2513E+00 9.3574E-01
1.152268E+01  2.4593E+00 4.1677E+00  1.1066E+00 9.8918E-01
1.151733E+01  9.5179E-01 2.1233E+00  5.5497E-01 6.8273E-01
1.151198E+01  1.3417E+00 1.0385E+00  5.6577E-01 3.3164E-01
1.150130E+01  1.9762E+00 4.8115E-01  7.3077E-01 1.3900E-01
1.149064E+01  2.2740E+00 3.4634E-01  8.1193E-01 9.5572E-02
1.148000E+01  2.4359E+00 2.9522E-01  8.5532E-01 7.9560E-02
1.146938E+01  2.5374E+00 2.7058E-01  8.8217E-01 7.1881E-02
1.145878E+01  2.6061E+00 2.5668E-01  9.0017E-01 6.7542E-02
1.144820E+01  2.6541E+00 2.4807E-01  9.1266E-01 6.4851E-02
1.143764E+01  2.6937E+00 2.4226E-01  9.2294E-01 6.2993E-02
1.142710E+01  2.7250E+00 2.3811E-01  9.3101E-01 6.1654E-02
1.141658E+01  2.7478E+00 2.3500E-01  9.3688E-01 6.0664E-02
1.139559E+01  2.7893E+00 2.3065E-01  9.4751E-01 5.9217E-02
1.135385E+01  2.8381E+00 2.2538E-01  9.5994E-01 5.7498E-02
1.127127E+01  2.8926E+00 2.1934E-01  9.7374E-01 5.5566E-02
1.107000E+01  2.9631E+00 2.0953E-01  9.9146E-01 5.2607E-02
1.087579E+01  3.0020E+00 2.0139E-01  1.0011E+00 5.0318E-02
1.068828E+01  3.0353E+00 1.9401E-01  1.0094E+00 4.8275E-02
1.050712E+01  3.0630E+00 1.8721E-01  1.0162E+00 4.6425E-02
1.033200E+01  3.0897E+00 1.8090E-01  1.0228E+00 4.4716E-02
1.016262E+01  3.1109E+00 1.7503E-01  1.0280E+00 4.3153E-02
9.998710E+00  3.1356E+00 1.6959E-01  1.0340E+00 4.1687E-02
9.840000E+00  3.1550E+00 1.6452E-01  1.0388E+00 4.0348E-02
9.686250E+00  3.1735E+00 1.5975E-01  1.0433E+00 3.9092E-02
9.663602E+00  3.1762E+00 1.5910E-01  1.0439E+00 3.8920E-02
9.537231E+00  3.1912E+00 1.5535E-01  1.0476E+00 3.7934E-02
9.392728E+00  3.2081E+00 1.5124E-01  1.0517E+00 3.6857E-02
9.252538E+00  3.2287E+00 1.4743E-01  1.0567E+00 3.5841E-02
9.116470E+00  3.2443E+00 1.4385E-01  1.0605E+00 3.4907E-02
8.984348E+00  3.2592E+00 1.4051E-01  1.0641E+00 3.4038E-02
8.856000E+00  3.2735E+00 1.3739E-01  1.0675E+00 3.3227E-02
8.731268E+00  3.2872E+00 1.3448E-01  1.0708E+00 3.2471E-02
8.610001E+00  3.3003E+00 1.3177E-01  1.0740E+00 3.1767E-02
8.492055E+00  3.3086E+00 1.2921E-01  1.0760E+00 3.1120E-02
8.377297E+00  3.3252E+00 1.2686E-01  1.0799E+00 3.0497E-02
8.265600E+00  3.3368E+00 1.2465E-01  1.0827E+00 2.9925E-02
7.998968E+00  3.3642E+00 1.1971E-01  1.0893E+00 2.8649E-02
7.749001E+00  3.3891E+00 1.1569E-01  1.0952E+00 2.7608E-02
7.514182E+00  3.4118E+00 1.1252E-01  1.1006E+00 2.6782E-02
7.293177E+00  3.4326E+00 1.0984E-01  1.1055E+00 2.6084E-02
7.084800E+00  3.4517E+00 1.0758E-01  1.1101E+00 2.5493E-02
6.911037E+00  3.4672E+00 1.0591E-01  1.1137E+00 2.5054E-02
6.701838E+00  3.4811E+00 1.0411E-01  1.1170E+00 2.4589E-02
6.525474E+00  3.4960E+00 1.0278E-01  1.1205E+00 2.4234E-02
6.358154E+00  3.5099E+00 1.0173E-01  1.1238E+00 2.3951E-02
6.199200E+00  3.5227E+00 1.0077E-01  1.1268E+00 2.3691E-02
5.904000E+00  3.5414E+00 9.8948E-02  1.1312E+00 2.3214E-02
5.635636E+00  3.5614E+00 9.7605E-02  1.1359E+00 2.2849E-02
5.510400E+00  3.5704E+00 9.7111E-02  1.1380E+00 2.2711E-02
5.166000E+00  3.5899E+00 9.5949E-02  1.1425E+00 2.2392E-02
4.999355E+00  3.6009E+00 9.5551E-02  1.1451E+00 2.2272E-02
4.768616E+00  3.6156E+00 9.4860E-02  1.1485E+00 2.2076E-02
4.428000E+00  3.6316E+00 9.4123E-02  1.1522E+00 2.1866E-02
4.132800E+00  3.6482E+00 9.3940E-02  1.1561E+00 2.1785E-02
3.874500E+00  3.6617E+00 9.4074E-02  1.1592E+00 2.1784E-02
3.646588E+00  3.6729E+00 9.4520E-02  1.1618E+00 2.1861E-02
3.401482E+00  3.6843E+00 9.5470E-02  1.1644E+00 2.2054E-02
3.262737E+00  3.6903E+00 9.6309E-02  1.1658E+00 2.2234E-02
3.099600E+00  3.6971E+00 9.7540E-02  1.1674E+00 2.2502E-02
2.755200E+00  3.7191E+00 1.0171E-01  1.1725E+00 2.3409E-02
2.479680E+00  3.7329E+00 1.0696E-01  1.1757E+00 2.4581E-02
2.423930E+00  3.7391E+00 1.0850E-01  1.1771E+00 2.4918E-02
2.254255E+00  3.7487E+00 1.1347E-01  1.1793E+00 2.6034E-02
2.199858E+00  3.7546E+00 1.1552E-01  1.1807E+00 2.6487E-02
2.121924E+00  3.7612E+00 1.1858E-01  1.1822E+00 2.7170E-02
2.066400E+00  3.7627E+00 1.2102E-01  1.1825E+00 2.7726E-02
1.907446E+00  3.7799E+00 1.2949E-01  1.1865E+00 2.9612E-02
1.771200E+00  3.7962E+00 1.3897E-01  1.1903E+00 3.1724E-02
1.650040E+00  3.8120E+00 1.4970E-01  1.1939E+00 3.4118E-02
1.549800E+00  3.8272E+00 1.6081E-01  1.1974E+00 3.6591E-02
1.458635E+00  3.8420E+00 1.7320E-01  1.2008E+00 3.9349E-02
1.377600E+00  3.8609E+00 1.8665E-01  1.2052E+00 4.2322E-02
1.305095E+00  3.8796E+00 2.0141E-01  1.2094E+00 4.5578E-02
1.249965E+00  3.8935E+00 2.1453E-01  1.2127E+00 4.8479E-02
1.127127E+00  3.9345E+00 2.5194E-01  1.2221E+00 5.6690E-02
9.998710E-01  3.9927E+00 3.1040E-01  1.2355E+00 6.9425E-02
8.997388E-01  4.0546E+00 3.7768E-01  1.2498E+00 8.3936E-02
7.998968E-01  4.1374E+00 4.8176E-01  1.2691E+00 1.0616E-01
7.000791E-01  4.2439E+00 6.4632E-01  1.2943E+00 1.4085E-01
6.563473E-01  4.3019E+00 7.5508E-01  1.3084E+00 1.6355E-01
5.500621E-01  4.4513E+00 1.1933E+00  1.3486E+00 2.5405E-01
4.860212E-01  4.5032E+00 1.6872E+00  1.3727E+00 3.5555E-01
4.399716E-01  4.3116E+00 2.2500E+00  1.3537E+00 4.7796E-01
4.339657E-01  4.2614E+00 2.3268E+00  1.3467E+00 4.9576E-01
3.999484E-01  3.8092E+00 2.6762E+00  1.2708E+00 5.8926E-01
3.814892E-01  3.5633E+00 2.7661E+00  1.2248E+00 6.2166E-01
3.649809E-01  3.3551E+00 2.8261E+00  1.1848E+00 6.4676E-01
3.440177E-01  3.1361E+00 2.9673E+00  1.1478E+00 6.9075E-01
3.262737E-01  2.7906E+00 3.1223E+00  1.0859E+00 7.4845E-01
3.099600E-01  2.3624E+00 3.1901E+00  9.9966E-01 7.9766E-01
2.917271E-01  1.8194E+00 3.0559E+00  8.6777E-01 8.1806E-01
2.850207E-01  1.6253E+00 2.9561E+00  8.1368E-01 8.1496E-01
2.739978E-01  1.3245E+00 2.7171E+00  7.1758E-01 7.9096E-01
2.583000E-01  1.0965E+00 2.2201E+00  6.0468E-01 6.9175E-01
2.500181E-01  1.0457E+00 1.9909E+00  5.6529E-01 6.3595E-01
2.400000E-01  1.0397E+00 1.7072E+00  5.3289E-01 5.5684E-01
2.384308E-01  1.0428E+00 1.6630E+00  5.2919E-01 5.4374E-01
2.339321E-01  1.0615E+00 1.5350E+00  5.2179E-01 5.0434E-01
2.299833E-01  1.0966E+00 1.4261E+00  5.2189E-01 4.6853E-01
2.254255E-01  1.1576E+00 1.3101E+00  5.3000E-01 4.2813E-01
2.214000E-01  1.2167E+00 1.2390E+00  5.4210E-01 4.0173E-01
2.190143E-01  1.2468E+00 1.2009E+00  5.4830E-01 3.8782E-01
2.175158E-01  1.2637E+00 1.1781E+00  5.5170E-01 3.7962E-01
2.137655E-01  1.2978E+00 1.1090E+00  5.5711E-01 3.5612E-01
2.100000E-01  1.3527E+00 1.0320E+00  5.6871E-01 3.2892E-01
2.000065E-01  1.5527E+00 8.8604E-01  6.2092E-01 2.7331E-01
1.899847E-01  1.7796E+00 8.2093E-01  6.8493E-01 2.4361E-01
1.800000E-01  1.9596E+00 8.4691E-01  7.3754E-01 2.4371E-01
1.700041E-01  2.0788E+00 8.3280E-01  7.7035E-01 2.3521E-01
1.653120E-01  2.1558E+00 8.0000E-01  7.9045E-01 2.2341E-01
1.600000E-01  2.2948E+00 7.4379E-01  8.2655E-01 2.0361E-01
1.549800E-01  2.4929E+00 7.1007E-01  8.7846E-01 1.8900E-01
1.490013E-01  2.7910E+00 7.6593E-01  9.5686E-01 1.9570E-01
1.458635E-01  2.9568E+00 8.3000E-01  9.9997E-01 2.0750E-01
1.441674E-01  3.0497E+00 8.7558E-01  1.0240E+00 2.1630E-01
1.425104E-01  3.1430E+00 9.2652E-01  1.0480E+00 2.2620E-01
1.408909E-01  3.2327E+00 9.8207E-01  1.0710E+00 2.3710E-01
1.389955E-01  3.3424E+00 1.0558E+00  1.0990E+00 2.5150E-01
1.362461E-01  3.5054E+00 1.1650E+00  1.1400E+00 2.7220E-01
1.333161E-01  3.7250E+00 1.3059E+00  1.1940E+00 2.9760E-01
1.305095E-01  3.9712E+00 1.4899E+00  1.2540E+00 3.3050E-01
1.278186E-01  4.2717E+00 1.7310E+00  1.3260E+00 3.7210E-01
1.249965E-01  4.6241E+00 2.1221E+00  1.4120E+00 4.3990E-01
1.215529E-01  5.0686E+00 2.8932E+00  1.5290E+00 5.7200E-01
1.180013E-01  5.3093E+00 4.0996E+00  1.6300E+00 7.7940E-01
1.148000E-01  5.2534E+00 5.5466E+00  1.7030E+00 1.0260E+00
1.109973E-01  4.1192E+00 9.0833E+00  1.7880E+00 1.6290E+00
1.078122E-01 -5.9428E-01 8.2287E+00  1.0790E+00 1.9790E+00
1.050000E-01 -1.6640E+00 6.2124E+00  6.7089E-01 1.8590E+00
1.024661E-01 -1.6568E+00 5.0948E+00  4.9669E-01 1.7020E+00
9.999516E-02 -1.7417E+00 4.5779E+00  3.9569E-01 1.6400E+00
9.762520E-02 -2.0846E+00 3.9336E+00  2.2389E-01 1.6070E+00
9.537231E-02 -2.0207E+00 3.1704E+00  7.4710E-02 1.4750E+00
9.322105E-02 -1.7861E+00 2.7713E+00  2.3360E-02 1.3540E+00
9.116471E-02 -1.6582E+00 2.4819E+00 -2.2890E-02 1.2700E+00
8.856000E-02 -1.4281E+00 2.1192E+00 -6.8891E-02 1.1380E+00
8.265600E-02 -9.3937E-01 1.8700E+00 -1.7242E-02 9.5141E-01
7.749000E-02 -9.3404E-01 1.9200E+00 -3.2323E-03 9.6311E-01
7.293177E-02 -1.2630E+00 1.6800E+00 -1.5221E-01 9.9081E-01
6.888000E-02 -1.2000E+00 1.0901E+00 -3.2611E-01 8.0881E-01
6.525474E-02 -9.2070E-01 8.3003E-01 -3.2431E-01 6.1421E-01
6.199200E-02 -6.7852E-01 7.8009E-01 -2.3671E-01 5.1101E-01
5.904000E-02 -5.7467E-01 8.4699E-01 -1.7141E-01 5.1111E-01
5.635637E-02 -6.1494E-01 8.7085E-01 -1.8231E-01 5.3251E-01
5.390609E-02 -6.5450E-01 7.7983E-01 -2.2591E-01 5.0371E-01
5.166000E-02 -6.4164E-01 7.0080E-01 -2.4321E-01 4.6301E-01
4.959360E-02 -6.2262E-01 6.3180E-01 -2.5391E-01 4.2340E-01
4.768616E-02 -6.0029E-01 5.7130E-01 -2.5941E-01 3.8570E-01
4.592000E-02 -5.7660E-01 5.1811E-01 -2.6091E-01 3.5050E-01
4.428000E-02 -5.5256E-01 4.7123E-01 -2.5931E-01 3.1810E-01
4.275310E-02 -5.2917E-01 4.2967E-01 -2.5561E-01 2.8860E-01
4.132800E-02 -5.0610E-01 3.9285E-01 -2.5001E-01 2.6190E-01
3.999484E-02 -4.8412E-01 3.5984E-01 -2.4341E-01 2.3780E-01
3.874500E-02 -4.6295E-01 3.3055E-01 -2.3591E-01 2.1630E-01
3.757091E-02 -4.4283E-01 3.0417E-01 -2.2801E-01 1.9700E-01
3.646588E-02 -4.2378E-01 2.8052E-01 -2.1991E-01 1.7980E-01
3.542400E-02 -4.0562E-01 2.5919E-01 -2.1171E-01 1.6440E-01
3.444000E-02 -3.8831E-01 2.4007E-01 -2.0350E-01 1.5070E-01
3.350919E-02 -3.7226E-01 2.2263E-01 -1.9570E-01 1.3840E-01
3.262737E-02 -3.5654E-01 2.0679E-01 -1.8780E-01 1.2730E-01
3.179077E-02 -3.4205E-01 1.9244E-01 -1.8040E-01 1.1740E-01
3.099600E-02 -3.2816E-01 1.7925E-01 -1.7320E-01 1.0840E-01
2.952000E-02 -3.0273E-01 1.5639E-01 -1.5980E-01 9.3070E-02
2.817818E-02 -2.7989E-01 1.3710E-01 -1.4760E-01 8.0420E-02
2.695304E-02 -2.5927E-01 1.2091E-01 -1.3650E-01 7.0010E-02
2.583000E-02 -2.4075E-01 1.0700E-01 -1.2650E-01 6.1250E-02
2.479680E-02 -2.2411E-01 9.5204E-02 -1.1750E-01 5.3940E-02
2.361600E-02 -2.0541E-01 8.2673E-02 -1.0740E-01 4.6310E-02
2.296000E-02 -1.9522E-01 7.6177E-02 -1.0190E-01 4.2410E-02
2.214000E-02 -1.8270E-01 6.8514E-02 -9.5162E-02 3.7860E-02
2.156243E-02 -1.7410E-01 6.3408E-02 -9.0542E-02 3.4860E-02
2.066400E-02 -1.6091E-01 5.5945E-02 -8.3472E-02 3.0520E-02
1.907446E-02 -1.3870E-01 4.4135E-02 -7.1631E-02 2.3770E-02
1.771200E-02 -1.2049E-01 3.5363E-02 -6.1991E-02 1.8850E-02
1.653120E-02 -1.0560E-01 2.8716E-02 -5.4151E-02 1.5180E-02
1.549800E-02 -9.3166E-02 2.3599E-02 -4.7641E-02 1.2390E-02
1.458635E-02 -8.2744E-02 1.9596E-02 -4.2211E-02 1.0230E-02
1.377600E-02 -7.3918E-02 1.6439E-02 -3.7631E-02 8.5410E-03
1.305095E-02 -6.6375E-02 1.3901E-02 -3.3731E-02 7.1930E-03
1.239840E-02 -5.9875E-02 1.1841E-02 -3.0381E-02 6.1060E-03
1.127127E-02 -4.9396E-02 8.7789E-03 -2.5000E-02 4.5020E-03
1.033200E-02 -4.1278E-02 6.6602E-03 -2.0850E-02 3.4010E-03
9.537231E-03 -3.4957E-02 5.1535E-03 -1.7630E-02 2.6230E-03
8.856000E-03 -2.9878E-02 4.0580E-03 -1.5050E-02 2.0600E-03
8.265601E-03 -2.5735E-02 3.2434E-03 -1.2950E-02 1.6430E-03
7.749000E-03 -2.2336E-02 2.6242E-03 -1.1230E-02 1.3270E-03
7.293177E-03 -1.9480E-02 2.1507E-03 -9.7872E-03 1.0860E-03
7.084800E-03 -1.8229E-02 1.9530E-03 -9.1562E-03 9.8550E-04
6.888000E-03 -1.7070E-02 1.7790E-03 -8.5712E-03 8.9720E-04
6.525474E-03 -1.4990E-02 1.4859E-03 -7.5231E-03 7.4860E-04
6.199200E-03 -1.3181E-02 1.2521E-03 -6.6121E-03 6.3020E-04
5.635636E-03 -1.0141E-02 9.0776E-04 -5.0831E-03 4.5620E-04
5.166000E-03 -7.5460E-03 6.7524E-04 -3.7801E-03 3.3890E-04
4.768616E-03 -4.8982E-03 5.1334E-04 -2.4521E-03 2.5730E-04
4.592000E-03 -3.1218E-03 4.5089E-04 -1.5621E-03 2.2580E-04
4.508509E-03 -1.7862E-03 4.2302E-04 -8.9347E-04 2.1170E-04
4.428000E-03  6.4894E-04 3.9753E-04  3.2443E-04 1.9870E-04
4.396596E-03  2.8338E-03 3.8795E-04  1.4159E-03 1.9370E-04
4.381060E-03  4.9960E-03 4.9343E-04  2.4949E-03 2.4610E-04
4.373333E-03  6.9458E-03 6.0128E-04  3.4669E-03 2.9960E-04
4.365634E-03  1.1299E-02 1.1480E-03  5.6339E-03 5.7080E-04
4.364097E-03  1.2361E-02 2.0264E-03  6.1619E-03 1.0070E-03
4.361027E-03  1.4230E-02 5.5994E-03  7.0939E-03 2.7800E-03
4.357961E-03  1.4739E-02 9.1589E-03  7.3529E-03 4.5460E-03
4.354900E-03  1.4041E-02 1.2789E-02  7.0159E-03 6.3500E-03
4.351843E-03  1.2281E-02 1.6239E-02  6.1539E-03 8.0700E-03
4.350316E-03  1.1029E-02 1.7911E-02  5.5389E-03 8.9060E-03
4.348790E-03  9.3799E-03 1.9301E-02  4.7249E-03 9.6050E-03
4.347265E-03  7.3406E-03 2.0576E-02  3.7159E-03 1.0250E-02
4.345742E-03  5.0753E-03 2.1716E-02  2.5929E-03 1.0830E-02
4.344219E-03  2.7285E-03 2.2252E-02  1.4249E-03 1.1110E-02
4.342697E-03  2.8199E-04 2.1704E-02  1.9984E-04 1.0850E-02
4.341177E-03 -2.3121E-03 2.0877E-02 -1.1021E-03 1.0450E-02
4.339657E-03 -4.3560E-03 1.9600E-02 -2.1321E-03 9.8210E-03
4.338139E-03 -5.4491E-03 1.7860E-02 -2.6881E-03 8.9540E-03
4.335105E-03 -6.5795E-03 1.2930E-02 -3.2741E-03 6.4860E-03
4.327539E-03 -5.0511E-03 9.6337E-03 -2.5171E-03 4.8290E-03
4.320000E-03 -3.9622E-03 7.9822E-03 -1.9751E-03 3.9990E-03
4.305000E-03 -2.9390E-03 7.1935E-03 -1.4641E-03 3.6020E-03
4.290104E-03 -2.6590E-03 6.5174E-03 -1.3251E-03 3.2630E-03
4.275310E-03 -1.8151E-03 5.5210E-03 -9.0416E-04 2.7630E-03
4.260619E-03  8.5818E-04 5.1742E-03  4.3234E-04 2.5860E-03
4.259155E-03  1.3458E-03 5.4937E-03  6.7644E-04 2.7450E-03
4.253311E-03  2.2416E-03 8.3774E-03  1.1289E-03 4.1840E-03
4.251852E-03  1.8429E-03 9.4468E-03  9.3214E-04 4.7190E-03
4.250394E-03  1.2680E-03 1.0191E-02  6.4674E-04 5.0920E-03
4.246028E-03 -3.9707E-04 9.7522E-03 -1.8666E-04 4.8770E-03
4.244574E-03 -6.7555E-04 9.3210E-03 -3.2696E-04 4.6620E-03
4.231536E-03 -1.7111E-03 9.9296E-03 -8.4356E-04 4.9690E-03
4.217143E-03 -2.9355E-03 9.6819E-03 -1.4571E-03 4.8480E-03
4.202847E-03 -3.7704E-03 9.3265E-03 -1.8761E-03 4.6720E-03
4.188649E-03 -4.6425E-03 8.8714E-03 -2.3141E-03 4.4460E-03
4.174545E-03 -4.8830E-03 7.6812E-03 -2.4371E-03 3.8500E-03
4.160537E-03 -4.6084E-03 7.3391E-03 -2.3001E-03 3.6780E-03
4.146622E-03 -4.5732E-03 6.9980E-03 -2.2831E-03 3.5070E-03
4.132800E-03 -4.2444E-03 6.5561E-03 -2.1191E-03 3.2850E-03
4.119070E-03 -3.7956E-03 6.6354E-03 -1.8941E-03 3.3240E-03
4.105431E-03 -3.4468E-03 6.8163E-03 -1.7191E-03 3.4140E-03
4.091881E-03 -3.3910E-03 7.4115E-03 -1.6901E-03 3.7120E-03
4.078421E-03 -3.6996E-03 7.6918E-03 -1.8441E-03 3.8530E-03
4.065049E-03 -3.9055E-03 7.7668E-03 -1.9471E-03 3.8910E-03
4.051765E-03 -3.9501E-03 7.9423E-03 -1.9691E-03 3.9790E-03
4.038567E-03 -4.2155E-03 8.4243E-03 -2.1011E-03 4.2210E-03
4.025455E-03 -4.9131E-03 8.6986E-03 -2.4501E-03 4.3600E-03
4.012427E-03 -5.5983E-03 8.4663E-03 -2.7941E-03 4.2450E-03
3.999484E-03 -6.0097E-03 8.1335E-03 -3.0011E-03 4.0790E-03
3.936000E-03 -6.8370E-03 6.4997E-03 -3.4191E-03 3.2610E-03
3.874500E-03 -6.3634E-03 5.4187E-03 -3.1831E-03 2.7180E-03
3.757091E-03 -6.0471E-03 4.9410E-03 -3.0250E-03 2.4780E-03
3.646588E-03 -5.9443E-03 4.4886E-03 -2.9740E-03 2.2510E-03
3.444000E-03 -5.7094E-03 3.7233E-03 -2.8570E-03 1.8670E-03
3.262737E-03 -5.4052E-03 3.1136E-03 -2.7050E-03 1.5610E-03
3.099600E-03 -5.0753E-03 2.6213E-03 -2.5400E-03 1.3140E-03
2.755200E-03 -4.2842E-03 1.7520E-03 -2.1440E-03 8.7790E-04
2.479680E-03 -3.5872E-03 1.2130E-03 -1.7950E-03 6.0760E-04
2.254255E-03 -3.0259E-03 8.6509E-04 -1.5140E-03 4.3320E-04
2.066400E-03 -2.5725E-03 6.3278E-04 -1.2870E-03 3.1680E-04
1.907446E-03 -2.2069E-03 4.7308E-04 -1.1040E-03 2.3680E-04
1.771200E-03 -1.9079E-03 3.6066E-04 -9.5441E-04 1.8050E-04
1.653120E-03 -1.6649E-03 2.7957E-04 -8.3281E-04 1.3990E-04
1.549800E-03 -1.4641E-03 2.1984E-04 -7.3231E-04 1.1000E-04
1.458635E-03 -1.2960E-03 1.7531E-04 -6.4821E-04 8.7710E-05
1.377600E-03 -1.1541E-03 1.4140E-04 -5.7721E-04 7.0740E-05
1.305095E-03 -1.0339E-03 1.1530E-04 -5.1711E-04 5.7680E-05
1.239840E-03 -9.3220E-04 9.4916E-05 -4.6621E-04 4.7480E-05
1.127127E-03 -7.6766E-04 6.5995E-05 -3.8390E-04 3.3010E-05
1.033200E-03 -6.4270E-04 4.7265E-05 -3.2140E-04 2.3640E-05
9.537231E-04 -5.4533E-04 3.4691E-05 -2.7270E-04 1.7350E-05
8.856000E-04 -4.6875E-04 2.6034E-05 -2.3440E-04 1.3020E-05
8.265600E-04 -4.0716E-04 1.9910E-05 -2.0360E-04 9.9570E-06
7.749000E-04 -3.5677E-04 1.5469E-05 -1.7840E-04 7.7360E-06
7.293177E-04 -3.1518E-04 1.2200E-05 -1.5760E-04 6.1010E-06
6.888000E-04 -2.8058E-04 9.7426E-06 -1.4030E-04 4.8720E-06
6.525474E-04 -2.5159E-04 7.8730E-06 -1.2580E-04 3.9370E-06
6.199200E-04 -2.2639E-04 6.4273E-06 -1.1320E-04 3.2140E-06
4.959360E-04 -1.4350E-04 2.6438E-06 -7.1751E-05 1.3220E-06
4.132800E-04 -9.9359E-05 1.2739E-06 -4.9681E-05 6.3700E-07
3.099600E-04 -5.5560E-05 3.9759E-07 -2.7780E-05 1.9880E-07
2.479680E-04 -3.5440E-05 1.5990E-07 -1.7720E-05 7.9950E-08
2.066400E-04 -2.4560E-05 7.5599E-08 -1.2280E-05 3.7800E-08
1.549800E-04 -1.3790E-05 2.3000E-08 -6.8951E-06 1.1500E-08
1.239840E-04 -8.8141E-06 9.0740E-09 -4.4071E-06 4.5370E-09
1.033200E-04 -6.1161E-06 5.3140E-09 -3.0580E-06 2.6570E-09
8.856000E-05 -4.4920E-06 2.6100E-09 -2.2460E-06 1.3050E-09
7.749000E-05 -3.4380E-06 1.3230E-09 -1.7190E-06 6.6150E-10
6.888000E-05 -2.7160E-06 8.0980E-10 -1.3580E-06 4.0490E-10
6.199200E-05  4.6330E-10 3.1228E-17  2.3165E-10 1.5614E-17
