 0.10000E+00 0.15921E+01 0.40824E-02
 0.10500E+00 0.15914E+01 0.47259E-02
 0.12500E+00 0.15884E+01 0.79734E-02
 0.14000E+00 0.15861E+01 0.11202E-01
 0.15500E+00 0.15837E+01 0.15202E-01
 0.17500E+00 0.15819E+01 0.21879E-01
 0.20000E+00 0.15739E+01 0.32659E-01
 0.22000E+00 0.15783E+01 0.57080E-01
 0.25000E+00 0.16064E+01 0.69277E-01
 0.30000E+00 0.16420E+01 0.65171E-01
 0.31750E+00 0.16524E+01 0.57522E-01
 0.35000E+00 0.16605E+01 0.38918E-01
 0.40000E+00 0.16590E+01 0.22410E-01
 0.45000E+00 0.16549E+01 0.10500E-01
 0.53000E+00 0.16451E+01 0.45555E-02
 0.57000E+00 0.16426E+01 0.38893E-02
 0.65000E+00 0.16393E+01 0.32000E-02
 0.73000E+00 0.16373E+01 0.29117E-02
 0.85000E+00 0.16354E+01 0.27537E-02
 0.10000E+01 0.16338E+01 0.26890E-02
 0.11500E+01 0.16326E+01 0.24359E-02
 0.13000E+01 0.16313E+01 0.20670E-02
 0.13500E+01 0.16308E+01 0.19446E-02
 0.14000E+01 0.16302E+01 0.18410E-02
 0.15300E+01 0.16288E+01 0.17133E-02
 0.16500E+01 0.16274E+01 0.17112E-02
 0.18000E+01 0.16257E+01 0.17600E-02
 0.19000E+01 0.16245E+01 0.17470E-02
 0.20000E+01 0.16233E+01 0.17200E-02
 0.21500E+01 0.16214E+01 0.15942E-02
 0.22700E+01 0.16197E+01 0.14855E-02
 0.23500E+01 0.16184E+01 0.14306E-02
 0.25000E+01 0.16159E+01 0.13575E-02
 0.27500E+01 0.16115E+01 0.13668E-02
 0.29000E+01 0.16086E+01 0.13777E-02
 0.31000E+01 0.16044E+01 0.13603E-02
 0.33500E+01 0.15987E+01 0.13595E-02
 0.35000E+01 0.15949E+01 0.13700E-02
 0.37500E+01 0.15881E+01 0.13933E-02
 0.40000E+01 0.15806E+01 0.13790E-02
 0.45200E+01 0.15618E+01 0.15354E-02
 0.48000E+01 0.15499E+01 0.22750E-02
 0.50000E+01 0.15408E+01 0.30050E-02
 0.53000E+01 0.15261E+01 0.40715E-02
 0.56000E+01 0.15098E+01 0.45523E-02
 0.59000E+01 0.14895E+01 0.43968E-02
 0.67500E+01 0.14185E+01 0.51038E-02
 0.75500E+01 0.12463E+01 0.91785E-02
 0.82500E+01 0.10249E+01 0.19858E+00
 0.87000E+01 0.94570E+00 0.45254E+00
 0.90000E+01 0.98425E+00 0.66961E+00
 0.93000E+01 0.11201E+01 0.85454E+00
 0.97500E+01 0.14012E+01 0.98453E+00
 0.10000E+02 0.15476E+01 0.99284E+00
 0.10500E+02 0.18133E+01 0.94288E+00
 0.11000E+02 0.20239E+01 0.77966E+00
 0.11400E+02 0.21224E+01 0.59705E+00
 0.12000E+02 0.20595E+01 0.28591E+00
 0.12700E+02 0.18406E+01 0.19748E+00
 0.13500E+02 0.17168E+01 0.20705E+00
 0.15000E+02 0.14894E+01 0.24603E+00
 0.16500E+02 0.12979E+01 0.53525E+00
 0.18000E+02 0.14128E+01 0.90527E+00
 0.19000E+02 0.15936E+01 0.10267E+01
 0.20000E+02 0.17584E+01 0.10825E+01
 0.21000E+02 0.19303E+01 0.10999E+01
 0.23000E+02 0.21533E+01 0.94995E+00
 0.25000E+02 0.21933E+01 0.87334E+00
 0.26500E+02 0.22305E+01 0.86344E+00
 0.27500E+02 0.22641E+01 0.86398E+00
 0.29500E+02 0.23585E+01 0.85464E+00
 0.31500E+02 0.24439E+01 0.79898E+00
 0.33100E+02 0.24864E+01 0.75370E+00
 0.34500E+02 0.25164E+01 0.71702E+00
 0.36000E+02 0.25444E+01 0.67972E+00
 0.37000E+02 0.25597E+01 0.65279E+00
 0.38500E+02 0.25726E+01 0.61411E+00
 0.40000E+02 0.25775E+01 0.58375E+00
 0.42000E+02 0.25830E+01 0.55701E+00
 0.43350E+02 0.25905E+01 0.54379E+00
 0.45540E+02 0.26080E+01 0.52104E+00
 0.50000E+02 0.26332E+01 0.46320E+00
 0.60000E+02 0.26486E+01 0.38626E+00
 0.70000E+02 0.26709E+01 0.33186E+00
 0.85000E+02 0.26816E+01 0.26488E+00
 0.10000E+03 0.26805E+01 0.23000E+00
 0.10600E+03 0.26829E+01 0.22148E+00
 0.11000E+03 0.26854E+01 0.21591E+00
 0.11500E+03 0.26886E+01 0.20907E+00
 0.12000E+03 0.26919E+01 0.20237E+00
 0.12700E+03 0.26964E+01 0.19323E+00
 0.13300E+03 0.27001E+01 0.18562E+00
 0.14100E+03 0.27047E+01 0.17579E+00
 0.14500E+03 0.27068E+01 0.17101E+00
 0.15000E+03 0.27092E+01 0.16518E+00
 0.15500E+03 0.27114E+01 0.15949E+00
 0.20000E+03 0.27228E+01 0.11500E+00
 0.25000E+03 0.27221E+01 0.79774E-01
 0.35000E+03 0.27058E+01 0.45559E-01
 0.45000E+03 0.26934E+01 0.42402E-01
 0.50000E+03 0.26959E+01 0.46000E-01
 0.60000E+03 0.27048E+01 0.38333E-01
 0.80000E+03 0.27044E+01 0.28750E-01
 0.10000E+04 0.27062E+01 0.23000E-01
 0.13000E+04 0.27064E+01 0.17692E-01
 0.15000E+04 0.27065E+01 0.15333E-01
 0.20000E+04 0.27069E+01 0.11500E-01
 0.26000E+04 0.27072E+01 0.88462E-02
 0.30000E+04 0.27070E+01 0.76667E-02
 0.57000E+04 0.27064E+01 0.40351E-02
 0.96000E+04 0.26962E+01 0.23958E-02
 0.30000E+05 0.26962E+01 0.76667E-03
 0.10000E+06 0.26962E+01 0.23000E-03
