 0.10000E+00 0.12576E+01 0.78691E-01
 0.10500E+00 0.12665E+01 0.79827E-01
 0.12500E+00 0.12034E+01 0.82421E-01
 0.14000E+00 0.12874E+01 0.24730E+00
 0.15500E+00 0.14616E+01 0.15217E+00
 0.17500E+00 0.14270E+01 0.36138E-04
 0.20000E+00 0.13317E+01 0.17223E-07
 0.22000E+00 0.13488E+01 0.13752E-07
 0.25000E+00 0.13348E+01 0.78483E-08
 0.30000E+00 0.13281E+01 0.55969E-08
 0.31750E+00 0.13262E+01 0.47910E-08
 0.35000E+00 0.13238E+01 0.36764E-08
 0.40000E+00 0.13213E+01 0.26231E-08
 0.45000E+00 0.13196E+01 0.20692E-08
 0.53000E+00 0.13177E+01 0.15920E-08
 0.57000E+00 0.13169E+01 0.24979E-08
 0.65000E+00 0.13157E+01 0.86614E-08
 0.73000E+00 0.13146E+01 0.30681E-07
 0.85000E+00 0.13131E+01 0.17509E-06
 0.10000E+01 0.13111E+01 0.11444E-05
 0.11500E+01 0.13088E+01 0.31669E-05
 0.13000E+01 0.13061E+01 0.12915E-04
 0.13500E+01 0.13051E+01 0.11398E-04
 0.14000E+01 0.13039E+01 0.13892E-04
 0.15300E+01 0.13011E+01 0.78874E-03
 0.16500E+01 0.12983E+01 0.15458E-03
 0.18000E+01 0.12927E+01 0.45912E-04
 0.19000E+01 0.12884E+01 0.21729E-03
 0.20000E+01 0.12837E+01 0.56419E-03
 0.21500E+01 0.12746E+01 0.45170E-03
 0.22700E+01 0.12645E+01 0.18006E-03
 0.23500E+01 0.12541E+01 0.79725E-03
 0.25000E+01 0.12463E+01 0.49870E-03
 0.27500E+01 0.10384E+01 0.23037E-01
 0.29000E+01 0.10246E+01 0.33199E+00
 0.31000E+01 0.14672E+01 0.48472E+00
 0.33500E+01 0.15896E+01 0.96036E-02
 0.35000E+01 0.14427E+01 0.19641E-02
 0.37500E+01 0.14117E+01 0.20513E-02
 0.40000E+01 0.13740E+01 0.49666E-02
 0.45200E+01 0.13657E+01 0.19208E-01
 0.48000E+01 0.13599E+01 0.55211E-02
 0.50000E+01 0.13474E+01 0.16616E-02
 0.53000E+01 0.13308E+01 0.12041E-02
 0.56000E+01 0.12994E+01 0.91009E-02
 0.59000E+01 0.12951E+01 0.58824E-01
 0.67500E+01 0.13575E+01 0.34911E-01
 0.75500E+01 0.13308E+01 0.19387E-01
 0.82500E+01 0.13097E+01 0.57997E-02
 0.87000E+01 0.12879E+01 0.21564E-02
 0.90000E+01 0.12701E+01 0.66766E-03
 0.93000E+01 0.12490E+01 0.26725E-03
 0.97500E+01 0.12087E+01 0.76292E-03
 0.10000E+02 0.11739E+01 0.22099E-02
 0.10500E+02 0.10755E+01 0.54735E-01
 0.11000E+02 0.10229E+01 0.20323E+00
 0.11400E+02 0.10592E+01 0.32733E+00
 0.12000E+02 0.11887E+01 0.44676E+00
 0.12700E+02 0.13596E+01 0.47213E+00
 0.13500E+02 0.14969E+01 0.40897E+00
 0.15000E+02 0.15766E+01 0.25455E+00
 0.16500E+02 0.15577E+01 0.17638E+00
 0.18000E+02 0.15418E+01 0.15432E+00
 0.19000E+02 0.15578E+01 0.14734E+00
 0.20000E+02 0.15661E+01 0.10755E+00
 0.21000E+02 0.15489E+01 0.81728E-01
 0.23000E+02 0.15220E+01 0.56475E-01
 0.25000E+02 0.14952E+01 0.34859E-01
 0.26500E+02 0.14720E+01 0.23552E-01
 0.27500E+02 0.14547E+01 0.14225E-01
 0.29500E+02 0.13959E+01 0.22140E-02
 0.31500E+02 0.13283E+01 0.32704E-01
 0.33100E+02 0.12860E+01 0.76398E-01
 0.34500E+02 0.12664E+01 0.12684E+00
 0.36000E+02 0.12526E+01 0.17242E+00
 0.37000E+02 0.12463E+01 0.21079E+00
 0.38500E+02 0.12452E+01 0.26446E+00
 0.40000E+02 0.12526E+01 0.32887E+00
 0.42000E+02 0.12823E+01 0.41432E+00
 0.43350E+02 0.13238E+01 0.48294E+00
 0.45540E+02 0.14533E+01 0.55574E+00
 0.50000E+02 0.16691E+01 0.46954E+00
 0.60000E+02 0.17310E+01 0.33924E+00
 0.70000E+02 0.18302E+01 0.29863E+00
 0.85000E+02 0.18532E+01 0.93717E-01
 0.10000E+03 0.18209E+01 0.53298E-01
 0.10600E+03 0.17602E+01 0.81999E-02
 0.11000E+03 0.17496E+01 0.55102E-01
 0.11500E+03 0.17740E+01 0.23421E-01
 0.12000E+03 0.17245E+01 0.10314E-01
 0.12700E+03 0.17373E+01 0.69727E-01
 0.13300E+03 0.17581E+01 0.18226E-01
 0.14100E+03 0.17158E+01 0.96631E-02
 0.14500E+03 0.16880E+01 0.52033E-02
 0.15000E+03 0.16639E+01 0.50127E-01
 0.15500E+03 0.16815E+01 0.77756E-01
 0.20000E+03 0.17713E+01 0.38067E-01
 0.25000E+03 0.17344E+01 0.17932E-01
 0.35000E+03 0.17340E+01 0.90366E-02
 0.45000E+03 0.17255E+01 0.69066E-02
 0.50000E+03 0.17248E+01 0.61724E-02
 0.60000E+03 0.17233E+01 0.53259E-02
 0.80000E+03 0.17226E+01 0.40571E-02
 0.10000E+04 0.17217E+01 0.32411E-02
 0.13000E+04 0.17203E+01 0.25613E-02
 0.15000E+04 0.17204E+01 0.22502E-02
 0.20000E+04 0.17088E+01 0.16573E-02
 0.26000E+04 0.17143E+01 0.12693E-02
 0.30000E+04 0.17222E+01 0.11055E-02
 0.57000E+04 0.17222E+01 0.61713E-03
 0.96000E+04 0.17222E+01 0.44780E-03
 0.30000E+05 0.17222E+01 0.24170E-03
 0.10000E+06 0.17222E+01 0.45000E-04
