  .40000E-04  .17752E+01  .89517E-01
  .41667E-04  .17896E+01  .86559E-01
  .43478E-04  .17985E+01  .82791E-01
  .45455E-04  .18049E+01  .78769E-01
  .47619E-04  .18099E+01  .75225E-01
  .50000E-04  .18139E+01  .71443E-01
  .52632E-04  .18172E+01  .68740E-01
  .55556E-04  .18208E+01  .65948E-01
  .58824E-04  .18242E+01  .62882E-01
  .62500E-04  .18275E+01  .58958E-01
  .66667E-04  .18297E+01  .54097E-01
  .71429E-04  .18300E+01  .48390E-01
  .76923E-04  .18273E+01  .43365E-01
  .83333E-04  .18223E+01  .40848E-01
  .90909E-04  .18158E+01  .41200E-01
  .10000E-03  .18074E+01  .46908E-01
  .10101E-03  .18067E+01  .48106E-01
  .10204E-03  .18062E+01  .49338E-01
  .10309E-03  .18057E+01  .50603E-01
  .10417E-03  .18054E+01  .51899E-01
  .10526E-03  .18051E+01  .53202E-01
  .10638E-03  .18049E+01  .54458E-01
  .10753E-03  .18047E+01  .55742E-01
  .10870E-03  .18046E+01  .57053E-01
  .10989E-03  .18045E+01  .58393E-01
  .11111E-03  .18044E+01  .59760E-01
  .11236E-03  .18044E+01  .61161E-01
  .11364E-03  .18045E+01  .62598E-01
  .11494E-03  .18047E+01  .64064E-01
  .11628E-03  .18049E+01  .65479E-01
  .11765E-03  .18052E+01  .66908E-01
  .11905E-03  .18055E+01  .68366E-01
  .12048E-03  .18058E+01  .69846E-01
  .12195E-03  .18062E+01  .71361E-01
  .12346E-03  .18066E+01  .72914E-01
  .12500E-03  .18070E+01  .74479E-01
  .12658E-03  .18074E+01  .76300E-01
  .12821E-03  .18081E+01  .78175E-01
  .12987E-03  .18090E+01  .80074E-01
  .13158E-03  .18100E+01  .82014E-01
  .13333E-03  .18113E+01  .83994E-01
  .13514E-03  .18130E+01  .85987E-01
  .13699E-03  .18149E+01  .87271E-01
  .13889E-03  .18165E+01  .88565E-01
  .14085E-03  .18183E+01  .89873E-01
  .14286E-03  .18200E+01  .91184E-01
  .14493E-03  .18223E+01  .92565E-01
  .14706E-03  .18247E+01  .92963E-01
  .14925E-03  .18265E+01  .93290E-01
  .15152E-03  .18283E+01  .93594E-01
  .15385E-03  .18299E+01  .93893E-01
  .15625E-03  .18314E+01  .94183E-01
  .15873E-03  .18329E+01  .94464E-01
  .16129E-03  .18342E+01  .94730E-01
  .16393E-03  .18355E+01  .94987E-01
  .16667E-03  .18366E+01  .95447E-01
  .16949E-03  .18378E+01  .96041E-01
  .17241E-03  .18390E+01  .96648E-01
  .17544E-03  .18402E+01  .97292E-01
  .17857E-03  .18414E+01  .98285E-01
  .18182E-03  .18430E+01  .99304E-01
  .18519E-03  .18447E+01  .10033E+00
  .18868E-03  .18466E+01  .10138E+00
  .19231E-03  .18488E+01  .10245E+00
  .19608E-03  .18515E+01  .10330E+00
  .20000E-03  .18543E+01  .10348E+00
  .20408E-03  .18571E+01  .10366E+00
  .20833E-03  .18600E+01  .10306E+00
  .21277E-03  .18624E+01  .10216E+00
  .21739E-03  .18645E+01  .10120E+00
  .22222E-03  .18664E+01  .10021E+00
  .22727E-03  .18681E+01  .99145E-01
  .23256E-03  .18697E+01  .98033E-01
  .23810E-03  .18710E+01  .96898E-01
  .24390E-03  .18721E+01  .95688E-01
  .25000E-03  .18729E+01  .94725E-01
  .25641E-03  .18736E+01  .93860E-01
  .26316E-03  .18743E+01  .93277E-01
  .27027E-03  .18751E+01  .92673E-01
  .27778E-03  .18759E+01  .92045E-01
  .28571E-03  .18766E+01  .91389E-01
  .29412E-03  .18774E+01  .90703E-01
  .30303E-03  .18782E+01  .89809E-01
  .31250E-03  .18788E+01  .88458E-01
  .32258E-03  .18787E+01  .86929E-01
  .33333E-03  .18782E+01  .85570E-01
  .34483E-03  .18771E+01  .84283E-01
  .35714E-03  .18756E+01  .83581E-01
  .37037E-03  .18741E+01  .83146E-01
  .38462E-03  .18725E+01  .82701E-01
  .40000E-03  .18709E+01  .82445E-01
  .41667E-03  .18690E+01  .81288E-01
  .43478E-03  .18657E+01  .79672E-01
  .45455E-03  .18608E+01  .78284E-01
  .47619E-03  .18547E+01  .77954E-01
  .50000E-03  .18477E+01  .77608E-01
  .52632E-03  .18386E+01  .77300E-01
  .55556E-03  .18269E+01  .77639E-01
  .58824E-03  .18119E+01  .78669E-01
  .62500E-03  .17920E+01  .80853E-01
  .66667E-03  .17659E+01  .85163E-01
  .71429E-03  .17294E+01  .90388E-01
  .75000E-03  .16933E+01  .95132E-01
  .77000E-03  .16683E+01  .99221E-01
  .79000E-03  .16395E+01  .10518E+00
  .81000E-03  .16053E+01  .11260E+00
  .83000E-03  .15615E+01  .12526E+00
  .85000E-03  .15137E+01  .14710E+00
  .85999E-03  .14775E+01  .15970E+00
  .87002E-03  .14436E+01  .19473E+00
  .87997E-03  .14222E+01  .22725E+00
  .89000E-03  .14054E+01  .26750E+00
  .90001E-03  .13937E+01  .29466E+00
  .91000E-03  .13709E+01  .32971E+00
  .91996E-03  .13549E+01  .37460E+00
  .92997E-03  .13419E+01  .41976E+00
  .94003E-03  .13354E+01  .47818E+00
  .95003E-03  .13474E+01  .53293E+00
  .95997E-03  .13630E+01  .57325E+00
  .97003E-03  .13678E+01  .61190E+00
  .98001E-03  .13703E+01  .66582E+00
  .99000E-03  .13919E+01  .73333E+00
  .10000E-02  .14394E+01  .78665E+00
  .10100E-02  .14867E+01  .81985E+00
  .10200E-02  .15281E+01  .85141E+00
  .10300E-02  .15755E+01  .87382E+00
  .10400E-02  .16156E+01  .89610E+00
  .10500E-02  .16641E+01  .91462E+00
  .10600E-02  .17152E+01  .92567E+00
  .10700E-02  .17640E+01  .92081E+00
  .10800E-02  .17960E+01  .91196E+00
  .10900E-02  .18267E+01  .91749E+00
  .11000E-02  .18597E+01  .91020E+00
  .11100E-02  .18870E+01  .91603E+00
  .11200E-02  .19224E+01  .91314E+00
  .11300E-02  .19509E+01  .91821E+00
  .11400E-02  .19950E+01  .91475E+00
  .11500E-02  .20295E+01  .91159E+00
  .11600E-02  .20802E+01  .90731E+00
  .11700E-02  .21371E+01  .88220E+00
  .11800E-02  .21787E+01  .83988E+00
  .11900E-02  .22077E+01  .79263E+00
  .12000E-02  .22190E+01  .73967E+00
  .12200E-02  .22150E+01  .68722E+00
  .12400E-02  .22353E+01  .62512E+00
  .12600E-02  .22236E+01  .56373E+00
  .12800E-02  .22027E+01  .51192E+00
  .13000E-02  .21711E+01  .47438E+00
  .13200E-02  .21352E+01  .44865E+00
  .13400E-02  .21016E+01  .44110E+00
  .13600E-02  .20794E+01  .43654E+00
  .13800E-02  .20576E+01  .43172E+00
  .14000E-02  .20379E+01  .43260E+00
  .14500E-02  .20058E+01  .42016E+00
  .15000E-02  .19213E+01  .39638E+00
  .15152E-02  .18884E+01  .40965E+00
  .15385E-02  .18505E+01  .43509E+00
  .15625E-02  .18154E+01  .46615E+00
  .15873E-02  .17844E+01  .50361E+00
  .16129E-02  .17574E+01  .54757E+00
  .16393E-02  .17357E+01  .59843E+00
  .16667E-02  .17206E+01  .65615E+00
  .16949E-02  .17142E+01  .72021E+00
  .17241E-02  .17189E+01  .78938E+00
  .17544E-02  .17367E+01  .86137E+00
  .17857E-02  .17690E+01  .93269E+00
  .18182E-02  .18162E+01  .99940E+00
  .18519E-02  .18770E+01  .10571E+01
  .18868E-02  .19483E+01  .11018E+01
  .19231E-02  .20257E+01  .11311E+01
  .19608E-02  .21040E+01  .11442E+01
  .20000E-02  .21778E+01  .11426E+01
  .20408E-02  .22433E+01  .11302E+01
  .20833E-02  .22988E+01  .11114E+01
  .21277E-02  .23447E+01  .10911E+01
  .21739E-02  .23826E+01  .10723E+01
  .22000E-02  .24011E+01  .10654E+01
  .22500E-02  .24401E+01  .10538E+01
  .23000E-02  .24783E+01  .10403E+01
  .23500E-02  .25135E+01  .10225E+01
  .24000E-02  .25422E+01  .10069E+01
  .27000E-02  .26850E+01  .89763E+00
  .30000E-02  .27435E+01  .84183E+00
  .36000E-02  .29256E+01  .73463E+00
  .51999E-02  .30195E+01  .43806E+00
  .67999E-02  .30324E+01  .34175E+00
  .84998E-02  .30531E+01  .27232E+00
  .10000E-01  .30581E+01  .23089E+00
  .13000E-01  .30662E+01  .17763E+00
  .18000E-01  .30707E+01  .12819E+00
  .24000E-01  .30734E+01  .96133E-01
  .31000E-01  .30746E+01  .74469E-01
  .41999E-01  .30755E+01  .54944E-01
  .54999E-01  .30756E+01  .41952E-01
  .69999E-01  .30763E+01  .33857E-01
  .84998E-01  .30770E+01  .27151E-01
  .10000E+00  .30766E+01  .23079E-01
  .13000E+00  .30768E+01  .17754E-01
  .18000E+00  .30767E+01  .12826E-01
  .24000E+00  .30767E+01  .96180E-02
  .31000E+00  .30767E+01  .74373E-02
  .41999E+00  .30767E+01  .54809E-02
  .54999E+00  .30767E+01  .42004E-02
  .69999E+00  .30768E+01  .33829E-02
  .84998E+00  .30768E+01  .26744E-02
  .10000E+01  .30768E+01  .22902E-02
