  .10462E-04  .14146E+01  .79605E+00
  .11070E-04  .15369E+01  .74714E+00
  .11718E-04  .16026E+01  .68685E+00
  .12404E-04  .16407E+01  .62588E+00
  .13131E-04  .16564E+01  .57157E+00
  .13899E-04  .16573E+01  .52889E+00
  .14712E-04  .16507E+01  .49907E+00
  .15573E-04  .16414E+01  .47855E+00
  .16485E-04  .16276E+01  .46559E+00
  .17450E-04  .16105E+01  .46619E+00
  .18471E-04  .16003E+01  .48128E+00
  .19552E-04  .16048E+01  .50096E+00
  .20694E-04  .16169E+01  .51175E+00
  .21908E-04  .16273E+01  .51599E+00
  .23191E-04  .16189E+01  .51434E+00
  .24546E-04  .16055E+01  .54823E+00
  .25981E-04  .16169E+01  .58439E+00
  .27502E-04  .16362E+01  .61903E+00
  .29110E-04  .16592E+01  .64703E+00
  .30818E-04  .16871E+01  .68270E+00
  .32618E-04  .17278E+01  .70727E+00
  .34535E-04  .17643E+01  .72423E+00
  .36551E-04  .17986E+01  .74168E+00
  .38695E-04  .18365E+01  .76024E+00
  .40958E-04  .18789E+01  .77430E+00
  .43350E-04  .19207E+01  .78226E+00
  .45885E-04  .19595E+01  .78793E+00
  .48582E-04  .19977E+01  .79392E+00
  .51423E-04  .20366E+01  .79842E+00
  .54425E-04  .20745E+01  .80087E+00
  .57612E-04  .21123E+01  .80375E+00
  .60984E-04  .21529E+01  .80537E+00
  .64539E-04  .21960E+01  .80049E+00
  .68346E-04  .22302E+01  .78468E+00
  .72334E-04  .22520E+01  .78081E+00
  .76578E-04  .22847E+01  .78306E+00
  .81033E-04  .23179E+01  .77344E+00
  .85799E-04  .23410E+01  .76754E+00
  .90828E-04  .23659E+01  .76593E+00
  .96109E-04  .23911E+01  .76537E+00
  .10179E-03  .24176E+01  .76593E+00
  .10772E-03  .24455E+01  .76645E+00
  .11406E-03  .24744E+01  .76465E+00
  .12072E-03  .25006E+01  .76119E+00
  .12775E-03  .25238E+01  .75901E+00
  .13522E-03  .25473E+01  .76012E+00
  .14313E-03  .25727E+01  .76009E+00
  .15151E-03  .25939E+01  .75901E+00
  .16039E-03  .26141E+01  .76600E+00
  .16977E-03  .26412E+01  .77280E+00
  .17971E-03  .26678E+01  .77731E+00
  .19021E-03  .26951E+01  .78398E+00
  .20136E-03  .27248E+01  .78831E+00
  .21313E-03  .27532E+01  .79342E+00
  .22562E-03  .27847E+01  .79891E+00
  .23879E-03  .28180E+01  .80082E+00
  .25281E-03  .28490E+01  .79985E+00
  .26760E-03  .28786E+01  .80007E+00
  .28325E-03  .29087E+01  .79805E+00
  .29983E-03  .29350E+01  .79566E+00
  .31741E-03  .29617E+01  .79775E+00
  .33599E-03  .29970E+01  .79642E+00
  .35565E-03  .30205E+01  .77557E+00
  .37638E-03  .30248E+01  .77792E+00
  .39839E-03  .30448E+01  .78566E+00
  .42170E-03  .30651E+01  .79178E+00
  .44645E-03  .30869E+01  .79754E+00
  .47266E-03  .31093E+01  .80272E+00
  .50032E-03  .31309E+01  .80437E+00
  .52960E-03  .31466E+01  .80345E+00
  .56049E-03  .31502E+01  .80395E+00
  .59321E-03  .31432E+01  .82333E+00
  .62806E-03  .31488E+01  .86481E+00
  .66477E-03  .31718E+01  .90467E+00
  .70363E-03  .32002E+01  .94697E+00
  .74507E-03  .32410E+01  .98852E+00
  .78868E-03  .32907E+01  .10280E+01
  .83488E-03  .33553E+01  .10599E+01
  .88368E-03  .34283E+01  .10697E+01
  .93499E-03  .34849E+01  .10557E+01
  .99026E-03  .35230E+01  .10487E+01
  .10480E-02  .35501E+01  .10359E+01
  .11089E-02  .35677E+01  .10582E+01
  .11741E-02  .36142E+01  .10639E+01
  .12428E-02  .36378E+01  .10696E+01
  .13156E-02  .36692E+01  .10856E+01
  .13926E-02  .37056E+01  .10957E+01
  .14740E-02  .37328E+01  .10996E+01
  .15603E-02  .37507E+01  .11178E+01
  .16517E-02  .37849E+01  .11452E+01
  .17484E-02  .38150E+01  .11502E+01
  .18507E-02  .38350E+01  .11896E+01
  .19589E-02  .38773E+01  .11957E+01
  .20736E-02  .38801E+01  .12383E+01
  .21951E-02  .39384E+01  .12918E+01
  .23235E-02  .39938E+01  .12982E+01
  .24594E-02  .40161E+01  .13280E+01
  .26035E-02  .40673E+01  .13635E+01
  .27557E-02  .41084E+01  .13806E+01
  .29172E-02  .41444E+01  .14233E+01
  .30879E-02  .42005E+01  .14436E+01
  .32687E-02  .42387E+01  .14839E+01
  .34593E-02  .42991E+01  .14931E+01
  .36626E-02  .43200E+01  .15294E+01
  .38768E-02  .43765E+01  .15580E+01
  .41039E-02  .44032E+01  .15859E+01
  .43441E-02  .44375E+01  .16364E+01
  .45970E-02  .44889E+01  .16934E+01
  .48677E-02  .45585E+01  .17388E+01
  .51508E-02  .46229E+01  .17633E+01
  .54521E-02  .46671E+01  .17847E+01
  .57719E-02  .47006E+01  .18238E+01
  .61104E-02  .47435E+01  .18765E+01
  .64674E-02  .47973E+01  .19281E+01
  .68459E-02  .48477E+01  .19705E+01
  .72461E-02  .48911E+01  .20312E+01
  .76720E-02  .49533E+01  .20804E+01
  .81192E-02  .49895E+01  .21364E+01
  .85978E-02  .50406E+01  .22107E+01
  .90961E-02  .50946E+01  .22798E+01
  .96333E-02  .51442E+01  .23649E+01
  .10196E-01  .52127E+01  .24611E+01
  .10790E-01  .52923E+01  .25489E+01
  .11427E-01  .53688E+01  .26421E+01
  .12096E-01  .54586E+01  .27448E+01
  .12799E-01  .55626E+01  .28390E+01
  .13548E-01  .56609E+01  .29258E+01
  .14341E-01  .57555E+01  .30374E+01
  .15181E-01  .58886E+01  .31520E+01
  .16068E-01  .60258E+01  .32543E+01
  .17009E-01  .61829E+01  .33536E+01
  .18005E-01  .63516E+01  .34329E+01
  .19059E-01  .65207E+01  .34886E+01
  .20176E-01  .66600E+01  .35166E+01
  .21354E-01  .67520E+01  .36070E+01
  .22603E-01  .69298E+01  .37182E+01
  .23930E-01  .71031E+01  .38044E+01
  .25328E-01  .73179E+01  .38801E+01
  .26812E-01  .75300E+01  .39173E+01
  .28377E-01  .77393E+01  .39103E+01
  .30041E-01  .78766E+01  .38870E+01
  .35000E-01  .81955E+01  .40776E+01
  .40000E-01  .87319E+01  .42459E+01
  .45000E-01  .91425E+01  .43736E+01
  .50000E-01  .97300E+01  .44178E+01
  .55000E-01  .10178E+02  .43372E+01
  .60000E-01  .10629E+02  .41035E+01
  .70000E-01  .10850E+02  .38741E+01
  .80000E-01  .11438E+02  .38003E+01
