0.050000   1.696000   0.032659
0.052686   1.696000   0.032659
0.055517   1.696000   0.032659
0.058499   1.696000   0.032659
0.061642   1.696000   0.032659
0.064954   1.696000   0.032659
0.068444   1.696000   0.032659
0.072121   1.696000   0.032659
0.075996   1.696000   0.032659
0.080078   1.696000   0.032659
0.084381   1.696000   0.032659
0.088914   1.696000   0.032659
0.093691   1.696000   0.032659
0.098724   1.696000   0.032659
0.104030   1.696000   0.032659
0.109620   1.696000   0.032659
0.115510   1.696000   0.032659
0.121710   1.696000   0.032659
0.128250   1.696000   0.032659
0.135140   1.696000   0.032659
0.142400   1.696000   0.032659
0.150050   1.696000   0.032659
0.158110   1.696000   0.032659
0.166610   1.696000   0.032659
0.175560   1.696000   0.032659
0.184990   1.696000   0.032659
0.194930   1.696000   0.032659
0.200000   1.696000   0.032659
0.220000   1.672900   0.057080
0.240000   1.666300   0.065823
0.260000   1.665500   0.071997
0.280000   1.670300   0.071043
0.300000   1.673700   0.065171
0.320000   1.676700   0.056195
0.340000   1.676400   0.044329
0.360000   1.671300   0.034272
0.380000   1.665600   0.027317
0.400000   1.660000   0.022410
0.420000   1.655300   0.016000
0.450000   1.648900   0.010500
0.500000   1.639500   0.005700
0.550000   1.635200   0.004200
0.600000   1.631700   0.003500
0.650000   1.628800   0.003200
0.700000   1.625300   0.003000
0.750000   1.622100   0.002868
0.800000   1.623200   0.002796
0.900000   1.618700   0.002730
1.000000   1.614700   0.002689
1.100000   1.613200   0.002545
1.200000   1.614000   0.002315
1.300000   1.605300   0.002067
1.400000   1.613500   0.001841
1.500000   1.602300   0.001729
1.600000   1.604100   0.001701
1.700000   1.599900   0.001730
1.800000   1.596000   0.001760
1.900000   1.591600   0.001747
2.000000   1.593000   0.001720
2.200000   1.583300   0.001545
2.400000   1.579600   0.001402
2.600000   1.582000   0.001340
2.800000   1.576600   0.001376
3.000000   1.574000   0.001368
3.500000   1.563700   0.001370
4.000000   1.560300   0.001379
4.500000   1.548700   0.001503
5.000000   1.533700   0.003005
5.500000   1.511200   0.004492
6.000000   1.476500   0.004350
6.500000   1.441600   0.004728
7.000000   1.391800   0.006027
7.500000   1.312400   0.009029
8.000000   1.155300   0.075000
8.200000   1.072900   0.173280
8.400000   1.015300   0.274490
8.600000   0.987130   0.390370
8.800000   0.973700   0.520220
9.000000   1.013700   0.669610
9.200000   1.085100   0.796180
9.400000   1.197300   0.904360
9.600000   1.327800   0.962510
9.800000   1.450300   0.988930
10.000000   1.566400   0.992840
10.200000   1.672300   0.981460
10.400000   1.779300   0.964220
10.600000   1.878900   0.915660
10.800000   1.966100   0.856510
11.000000   2.037200   0.779660
11.200000   2.090600   0.691400
11.400000   2.128900   0.597050
11.600000   2.144500   0.491730
11.800000   2.125600   0.375870
12.000000   2.071000   0.285910
12.500000   1.902000   0.205810
13.000000   1.794400   0.193780
13.500000   1.711600   0.207050
14.000000   1.661800   0.223610
14.500000   1.593600   0.240050
15.000000   1.519100   0.246030
15.500000   1.427000   0.309870
16.000000   1.347000   0.402330
16.500000   1.306700   0.535250
17.000000   1.311600   0.669390
17.500000   1.349700   0.793890
18.000000   1.421200   0.905270
18.500000   1.516300   0.979990
19.000000   1.599300   1.026800
19.500000   1.690800   1.064400
20.000000   1.778000   1.082500
21.000000   1.937900   1.099900
22.000000   2.090200   1.031000
23.000000   2.155300   0.949950
24.000000   2.183900   0.897780
25.000000   2.203600   0.873340
26.000000   2.221400   0.864700
27.000000   2.254200   0.863330
28.000000   2.290300   0.865260
29.000000   2.341600   0.863800
30.000000   2.392800   0.841430
32.000000   2.464200   0.784710
34.000000   2.512400   0.729620
36.000000   2.551500   0.679720
38.000000   2.581700   0.626250
40.000000   2.587000   0.583750
45.000000   2.607800   0.527360
50.000000   2.639800   0.463200
55.000000   2.647100   0.425520
60.000000   2.660100   0.386260
65.000000   2.662600   0.354840
70.000000   2.670900   0.331860
75.000000   2.676600   0.318760
80.000000   2.693000   0.289960
100.000000   2.690900   0.230000
200.000000   2.690900   0.115000
500.000000   2.690900   0.046000
507.050000   2.690900   0.045360
533.800000   2.690900   0.043087
561.960000   2.690900   0.040928
591.610000   2.690900   0.038877
622.820000   2.690900   0.036929
655.670000   2.690900   0.035078
690.260000   2.690900   0.033321
726.680000   2.690900   0.031651
765.010000   2.690900   0.030065
805.370000   2.690900   0.028558
847.850000   2.690900   0.027127
892.580000   2.690900   0.025768
939.670000   2.690900   0.024477
989.240000   2.690900   0.023250
1041.400000   2.690900   0.022085
1096.400000   2.690900   0.020978
1154.200000   2.690900   0.019927
1215.100000   2.690900   0.018929
1279.200000   2.690900   0.017980
1346.700000   2.690900   0.017079
1417.700000   2.690900   0.016223
1492.500000   2.690900   0.015410
1571.200000   2.690900   0.014638
1654.100000   2.690900   0.013905
1741.400000   2.690900   0.013208
1833.200000   2.690900   0.012546
1930.000000   2.690900   0.011917
2031.800000   2.690900   0.011320
2138.900000   2.690900   0.010753
2251.800000   2.690900   0.010214
2370.600000   2.690900   0.009702
2495.600000   2.690900   0.009216
2627.300000   2.690900   0.008754
2765.900000   2.690900   0.008316
2911.800000   2.690900   0.007899
3065.400000   2.690900   0.007503
3227.100000   2.690900   0.007127
3397.300000   2.690900   0.006770
3576.600000   2.690900   0.006431
3765.200000   2.690900   0.006109
3963.900000   2.690900   0.005802
4173.000000   2.690900   0.005512
4393.100000   2.690900   0.005235
4624.900000   2.690900   0.004973
4868.900000   2.690900   0.004724
5125.700000   2.690900   0.004487
5396.100000   2.690900   0.004262
5680.800000   2.690900   0.004049
5980.400000   2.690900   0.003846
6295.900000   2.690900   0.003653
6628.100000   2.690900   0.003470
6977.700000   2.690900   0.003296
7345.800000   2.690900   0.003131
7733.300000   2.690900   0.002974
8141.300000   2.690900   0.002825
8570.800000   2.690900   0.002684
9022.900000   2.690900   0.002549
9498.900000   2.690900   0.002421
10000.000000   2.690900   0.002300
10481.131342   2.690900   0.002194
10985.411420   2.690900   0.002094
11513.953993   2.690900   0.001998
12067.926406   2.690900   0.001906
12648.552169   2.690900   0.001818
13257.113656   2.690900   0.001735
13894.954944   2.690900   0.001655
14563.484775   2.690900   0.001579
15264.179672   2.690900   0.001507
15998.587196   2.690900   0.001438
16768.329368   2.690900   0.001372
17575.106249   2.690900   0.001309
18420.699693   2.690900   0.001249
19306.977289   2.690900   0.001191
20235.896477   2.690900   0.001137
21209.508879   2.690900   0.001084
22229.964825   2.690900   0.001035
23299.518105   2.690900   0.000987
24420.530945   2.690900   0.000942
25595.479227   2.690900   0.000899
26826.957953   2.690900   0.000857
28117.686980   2.690900   0.000818
29470.517026   2.690900   0.000780
30888.435965   2.690900   0.000745
32374.575428   2.690900   0.000710
33932.217719   2.690900   0.000678
35564.803062   2.690900   0.000647
37275.937203   2.690900   0.000617
39069.399371   2.690900   0.000589
40949.150624   2.690900   0.000562
42919.342601   2.690900   0.000536
44984.326690   2.690900   0.000511
47148.663635   2.690900   0.000488
49417.133613   2.690900   0.000465
51794.746792   2.690900   0.000444
54286.754393   2.690900   0.000424
56898.660290   2.690900   0.000404
59636.233166   2.690900   0.000386
62505.519253   2.690900   0.000368
65512.855686   2.690900   0.000351
68664.884500   2.690900   0.000335
71968.567300   2.690900   0.000320
75431.200634   2.690900   0.000305
79060.432109   2.690900   0.000291
82864.277285   2.690900   0.000278
86851.137375   2.690900   0.000265
91029.817799   2.690900   0.000253
95409.547635   2.690900   0.000241
100000.000000   2.690900   0.000230
