0.05   1.696   0.032659
0.052686   1.696   0.032659
0.055517   1.696   0.032659
0.058499   1.696   0.032659
0.061642   1.696   0.032659
0.064954   1.696   0.032659
0.068444   1.696   0.032659
0.072121   1.696   0.032659
0.075996   1.696   0.032659
0.080078   1.696   0.032659
0.084381   1.696   0.032659
0.088914   1.696   0.032659
0.093691   1.696   0.032659
0.098724   1.696   0.032659
0.10403   1.696   0.032659
0.10962   1.696   0.032659
0.11551   1.696   0.032659
0.12171   1.696   0.032659
0.12825   1.696   0.032659
0.13514   1.696   0.032659
0.1424   1.696   0.032659
0.15005   1.696   0.032659
0.15811   1.696   0.032659
0.16661   1.696   0.032659
0.17556   1.696   0.032659
0.18499   1.696   0.032659
0.19493   1.696   0.032659
0.2   1.696   0.032659
0.22   1.6729   0.05708
0.24   1.6663   0.065823
0.26   1.6655   0.071997
0.28   1.6703   0.071043
0.3   1.6737   0.065171
0.32   1.6767   0.056195
0.34   1.6764   0.044329
0.36   1.6713   0.034272
0.38   1.6656   0.027317
0.4   1.66   0.02241
0.42   1.6553   0.016
0.45   1.6489   0.0105
0.5   1.6395   0.0057
0.55   1.6352   0.0042
0.6   1.6317   0.0035
0.65   1.6288   0.0032
0.7   1.6253   0.003
0.75   1.6221   0.002868
0.8   1.6232   0.002796
0.9   1.6187   0.00273
1.0   1.6147   0.002689
1.1   1.6132   0.002545
1.2   1.614   0.002315
1.3   1.6053   0.002067
1.4   1.6135   0.001841
1.5   1.6023   0.001729
1.6   1.6041   0.001701
1.7   1.5999   0.00173
1.8   1.596   0.00176
1.9   1.5916   0.001747
2.0   1.593   0.00172
2.2   1.5833   0.001545
2.4   1.5796   0.001402
2.6   1.582   0.00134
2.8   1.5766   0.001376
3.0   1.574   0.001368
3.5   1.5637   0.00137
4.0   1.5603   0.001379
4.5   1.5487   0.001503
5.0   1.5337   0.003005
5.5   1.5112   0.004492
6.0   1.4765   0.00435
6.5   1.4416   0.004728
7.0   1.3918   0.006027
7.5   1.3124   0.009029
8.0   1.1553   0.075
8.2   1.0729   0.17328
8.4   1.0153   0.27449
8.6   0.98713   0.39037
8.8   0.9737   0.52022
9.0   1.0137   0.66961
9.2   1.0851   0.79618
9.4   1.1973   0.90436
9.6   1.3278   0.96251
9.8   1.4503   0.98893
10.0   1.5664   0.99284
10.2   1.6723   0.98146
10.4   1.7793   0.96422
10.6   1.8789   0.91566
10.8   1.9661   0.85651
11.0   2.0372   0.77966
11.2   2.0906   0.6914
11.4   2.1289   0.59705
11.6   2.1445   0.49173
11.8   2.1256   0.37587
12.0   2.071   0.28591
12.5   1.902   0.20581
13.0   1.7944   0.19378
13.5   1.7116   0.20705
14.0   1.6618   0.22361
14.5   1.5936   0.24005
15.0   1.5191   0.24603
15.5   1.427   0.30987
16.0   1.347   0.40233
16.5   1.3067   0.53525
17.0   1.3116   0.66939
17.5   1.3497   0.79389
18.0   1.4212   0.90527
18.5   1.5163   0.97999
19.0   1.5993   1.0268
19.5   1.6908   1.0644
20.0   1.778   1.0825
21.0   1.9379   1.0999
22.0   2.0902   1.031
23.0   2.1553   0.94995
24.0   2.1839   0.89778
25.0   2.2036   0.87334
26.0   2.2214   0.8647
27.0   2.2542   0.86333
28.0   2.2903   0.86526
29.0   2.3416   0.8638
30.0   2.3928   0.84143
32.0   2.4642   0.78471
34.0   2.5124   0.72962
36.0   2.5515   0.67972
38.0   2.5817   0.62625
40.0   2.587   0.58375
45.0   2.6078   0.52736
50.0   2.6398   0.4632
55.0   2.6471   0.42552
60.0   2.6601   0.38626
65.0   2.6626   0.35484
70.0   2.6709   0.33186
75.0   2.6766   0.31876
80.0   2.693   0.28996
100.0   2.6909   0.23
200.0   2.6909   0.115
500.0   2.6909   0.046
507.05   2.6909   0.04536
533.8   2.6909   0.043087
561.96   2.6909   0.040928
591.61   2.6909   0.038877
622.82   2.6909   0.036929
655.67   2.6909   0.035078
690.26   2.6909   0.033321
726.68   2.6909   0.031651
765.01   2.6909   0.030065
805.37   2.6909   0.028558
847.85   2.6909   0.027127
892.58   2.6909   0.025768
939.67   2.6909   0.024477
989.24   2.6909   0.02325
1041.4   2.6909   0.022085
1096.4   2.6909   0.020978
1154.2   2.6909   0.019927
1215.1   2.6909   0.018929
1279.2   2.6909   0.01798
1346.7   2.6909   0.017079
1417.7   2.6909   0.016223
1492.5   2.6909   0.01541
1571.2   2.6909   0.014638
1654.1   2.6909   0.013905
1741.4   2.6909   0.013208
1833.2   2.6909   0.012546
1930.0   2.6909   0.011917
2031.8   2.6909   0.01132
2138.9   2.6909   0.010753
2251.8   2.6909   0.010214
2370.6   2.6909   0.0097023
2495.6   2.6909   0.0092161
2627.3   2.6909   0.0087543
2765.9   2.6909   0.0083156
2911.8   2.6909   0.0078989
3065.4   2.6909   0.0075031
3227.1   2.6909   0.0071271
3397.3   2.6909   0.00677
3576.6   2.6909   0.0064307
3765.2   2.6909   0.0061085
3963.9   2.6909   0.0058024
4173.0   2.6909   0.0055116
4393.1   2.6909   0.0052355
4624.9   2.6909   0.0049731
4868.9   2.6909   0.0047239
5125.7   2.6909   0.0044872
5396.1   2.6909   0.0042623
5680.8   2.6909   0.0040488
5980.4   2.6909   0.0038459
6295.9   2.6909   0.0036532
6628.1   2.6909   0.0034701
6977.7   2.6909   0.0032962
7345.8   2.6909   0.003131
7733.3   2.6909   0.0029741
8141.3   2.6909   0.0028251
8570.8   2.6909   0.0026835
9022.9   2.6909   0.0025491
9498.9   2.6909   0.0024213
10000.0   2.6909   0.0023
