 0.10500E-04 0.13459E+01 0.80543E-01
 0.20700E-04 0.13584E+01 0.48225E-01
 0.41000E-04 0.13876E+01 0.65175E-01
 0.81000E-04 0.14197E+01 0.53441E-01
 0.10000E-03 0.14254E+01 0.50752E-01
 0.10179E-03 0.14258E+01 0.50561E-01
 0.10772E-03 0.14270E+01 0.49923E-01
 0.11406E-03 0.14281E+01 0.49127E-01
 0.12072E-03 0.14290E+01 0.48301E-01
 0.12775E-03 0.14293E+01 0.47613E-01
 0.13522E-03 0.14297E+01 0.47113E-01
 0.14313E-03 0.14301E+01 0.46510E-01
 0.15151E-03 0.14300E+01 0.45935E-01
 0.16039E-03 0.14294E+01 0.45815E-01
 0.16977E-03 0.14291E+01 0.45526E-01
 0.17971E-03 0.14278E+01 0.45394E-01
 0.19021E-03 0.14263E+01 0.45379E-01
 0.20136E-03 0.14245E+01 0.45147E-01
 0.21313E-03 0.14205E+01 0.44568E-01
 0.22562E-03 0.14144E+01 0.44024E-01
 0.23879E-03 0.14054E+01 0.43384E-01
 0.25281E-03 0.13929E+01 0.42023E-01
 0.26760E-03 0.13566E+01 0.41403E-01
 0.28325E-03 0.12433E+01 0.94401E-01
 0.29983E-03 0.13637E+01 0.36373E+00
 0.31741E-03 0.16337E+01 0.24288E+00
 0.33599E-03 0.15655E+01 0.96758E-01
 0.35565E-03 0.15444E+01 0.85643E-01
 0.37638E-03 0.15278E+01 0.62810E-01
 0.39839E-03 0.15086E+01 0.55763E-01
 0.42170E-03 0.14951E+01 0.57539E-01
 0.44645E-03 0.14921E+01 0.64454E-01
 0.47266E-03 0.14945E+01 0.58963E-01
 0.50032E-03 0.14847E+01 0.53827E-01
 0.52960E-03 0.14744E+01 0.53411E-01
 0.56049E-03 0.14536E+01 0.61024E-01
 0.59321E-03 0.14555E+01 0.97216E-01
 0.62806E-03 0.14814E+01 0.10043E+00
 0.66477E-03 0.14873E+01 0.88001E-01
 0.70363E-03 0.14832E+01 0.82945E-01
 0.74507E-03 0.14792E+01 0.78729E-01
 0.78868E-03 0.14644E+01 0.75602E-01
 0.83488E-03 0.14347E+01 0.75134E-01
 0.88368E-03 0.14374E+01 0.12233E+00
 0.93499E-03 0.14620E+01 0.10157E+00
 0.99026E-03 0.14067E+01 0.92874E-01
 0.10480E-02 0.13623E+01 0.14272E+00
 0.11089E-02 0.13449E+01 0.22381E+00
 0.11741E-02 0.13858E+01 0.31860E+00
 0.12428E-02 0.14663E+01 0.36895E+00
 0.13156E-02 0.15559E+01 0.38626E+00
 0.13926E-02 0.16354E+01 0.36099E+00
 0.14740E-02 0.16919E+01 0.31775E+00
 0.15603E-02 0.17247E+01 0.26865E+00
 0.16517E-02 0.17342E+01 0.21498E+00
 0.17484E-02 0.17295E+01 0.18729E+00
 0.18507E-02 0.17253E+01 0.16503E+00
 0.19589E-02 0.17292E+01 0.13906E+00
 0.20736E-02 0.17203E+01 0.11317E+00
 0.21951E-02 0.17059E+01 0.84533E-01
 0.23235E-02 0.16843E+01 0.71609E-01
 0.24594E-02 0.16590E+01 0.64774E-01
 0.26035E-02 0.16345E+01 0.60008E-01
 0.27557E-02 0.16083E+01 0.55781E-01
 0.29172E-02 0.15791E+01 0.61514E-01
 0.30879E-02 0.15452E+01 0.83663E-01
 0.32687E-02 0.15088E+01 0.10823E+00
 0.34593E-02 0.14785E+01 0.15561E+00
 0.36626E-02 0.14502E+01 0.21987E+00
 0.38768E-02 0.14213E+01 0.28758E+00
 0.41039E-02 0.14464E+01 0.37865E+00
 0.43441E-02 0.15433E+01 0.49735E+00
 0.45970E-02 0.16580E+01 0.59045E+00
 0.48677E-02 0.18043E+01 0.54451E+00
 0.51508E-02 0.18867E+01 0.46462E+00
 0.54521E-02 0.19031E+01 0.36919E+00
 0.57719E-02 0.18670E+01 0.34021E+00
 0.61104E-02 0.18647E+01 0.35891E+00
 0.64674E-02 0.19001E+01 0.37188E+00
 0.68459E-02 0.19438E+01 0.36159E+00
 0.72461E-02 0.19805E+01 0.33376E+00
 0.76720E-02 0.19995E+01 0.30757E+00
 0.81192E-02 0.20187E+01 0.28087E+00
 0.85978E-02 0.20394E+01 0.25328E+00
 0.90961E-02 0.20571E+01 0.22221E+00
 0.96333E-02 0.20590E+01 0.17991E+00
 0.10196E-01 0.20545E+01 0.14303E+00
 0.10790E-01 0.20348E+01 0.11910E+00
 0.11427E-01 0.20180E+01 0.10617E+00
 0.12096E-01 0.20039E+01 0.99744E-01
 0.12799E-01 0.19965E+01 0.97497E-01
 0.13548E-01 0.19924E+01 0.95430E-01
 0.14341E-01 0.19900E+01 0.93766E-01
 0.15181E-01 0.19884E+01 0.91374E-01
 0.16068E-01 0.19896E+01 0.89225E-01
 0.17009E-01 0.19905E+01 0.86657E-01
 0.18005E-01 0.19908E+01 0.83723E-01
 0.19059E-01 0.19904E+01 0.80639E-01
 0.20176E-01 0.19894E+01 0.77786E-01
 0.21354E-01 0.19906E+01 0.75761E-01
 0.22603E-01 0.19925E+01 0.72596E-01
 0.23930E-01 0.19939E+01 0.69686E-01
 0.25328E-01 0.19953E+01 0.66231E-01
 0.26812E-01 0.19959E+01 0.62667E-01
 0.28377E-01 0.19964E+01 0.59340E-01
 0.30041E-01 0.19963E+01 0.56720E-01
 0.35000E-01 0.19985E+01 0.52081E-01
 0.40000E-01 0.20013E+01 0.46338E-01
 0.45000E-01 0.20031E+01 0.42286E-01
 0.50000E-01 0.20049E+01 0.37475E-01
 0.55000E-01 0.20056E+01 0.33776E-01
 0.60000E-01 0.20057E+01 0.30048E-01
 0.70000E-01 0.20051E+01 0.27071E-01
 0.80000E-01 0.20065E+01 0.23633E-01
