1.239840E+05  5.9831E+02 2.3383E+05  3.4137E+02 3.4149E+02
1.239840E+04  5.9831E+02 2.3383E+04  1.0852E+02 1.0675E+02
2.000065E+03  5.9886E+02 3.7722E+03  4.6007E+01 4.0123E+01
1.499927E+03  5.9940E+02 2.8289E+03  4.0787E+01 3.3849E+01
1.200232E+03  6.0047E+02 2.2637E+03  3.7365E+01 2.9502E+01
9.998710E+02  6.0103E+02 1.8858E+03  3.4928E+01 2.6245E+01
7.000791E+02  6.0376E+02 1.3205E+03  3.1071E+01 2.0587E+01
4.999355E+02  6.0869E+02 9.4307E+02  2.8434E+01 1.6020E+01
4.132800E+02  6.1415E+02 7.7989E+02  2.7359E+01 1.3750E+01
3.542400E+02  6.2018E+02 6.6891E+02  2.6695E+01 1.2076E+01
2.999855E+02  6.2953E+02 5.6744E+02  2.6192E+01 1.0434E+01
2.500182E+02  6.4501E+02 4.7522E+02  2.5907E+01 8.8307E+00
2.000065E+02  6.7629E+02 3.8673E+02  2.5993E+01 7.1636E+00
1.749951E+02  7.0685E+02 3.4714E+02  2.6352E+01 6.3459E+00
1.499927E+02  7.5857E+02 3.2172E+02  2.7147E+01 5.7151E+00
1.350000E+02  8.0979E+02 3.2558E+02  2.8022E+01 5.6093E+00
1.239840E+02  8.5788E+02 3.5271E+02  2.8894E+01 5.8993E+00
1.180800E+02  8.8416E+02 3.8194E+02  2.9407E+01 6.2803E+00
1.127127E+02  9.0630E+02 4.1875E+02  2.9875E+01 6.7813E+00
1.033200E+02  9.2340E+02 5.1934E+02  3.0502E+01 8.2430E+00
9.998710E+01  9.1648E+02 5.6059E+02  3.0565E+01 8.8800E+00
9.537231E+01  8.9396E+02 6.1440E+02  3.0468E+01 9.7622E+00
9.184000E+01  8.7394E+02 6.5421E+02  3.0364E+01 1.0429E+01
8.856000E+01  8.5198E+02 6.9203E+02  3.0236E+01 1.1077E+01
8.550621E+01  8.2738E+02 7.3278E+02  3.0099E+01 1.1781E+01
8.265601E+01  7.9537E+02 7.7119E+02  2.9862E+01 1.2494E+01
7.998968E+01  7.5772E+02 8.0622E+02  2.9544E+01 1.3198E+01
7.749000E+01  7.1545E+02 8.3556E+02  2.9142E+01 1.3860E+01
7.514182E+01  6.7211E+02 8.5818E+02  2.8697E+01 1.4449E+01
7.293176E+01  6.2824E+02 8.7698E+02  2.8229E+01 1.5002E+01
7.084800E+01  5.8407E+02 8.9201E+02  2.7739E+01 1.5519E+01
7.000790E+01  5.6511E+02 8.9649E+02  2.7517E+01 1.5719E+01
6.888000E+01  5.4005E+02 9.0271E+02  2.7227E+01 1.5990E+01
6.701838E+01  4.9584E+02 9.1028E+02  2.6694E+01 1.6435E+01
6.525474E+01  4.5296E+02 9.1481E+02  2.6159E+01 1.6842E+01
6.358154E+01  4.0962E+02 9.1601E+02  2.5594E+01 1.7222E+01
6.199200E+01  3.6704E+02 9.1453E+02  2.5018E+01 1.7575E+01
5.904000E+01  2.8622E+02 9.0136E+02  2.3832E+01 1.8149E+01
5.635637E+01  2.1034E+02 8.7981E+02  2.2624E+01 1.8621E+01
5.390609E+01  1.4164E+02 8.4833E+02  2.1393E+01 1.8942E+01
5.166000E+01  8.1307E+01 8.1146E+02  2.0189E+01 1.9148E+01
4.999355E+01  3.7381E+01 7.7766E+02  1.9211E+01 1.9238E+01
4.508509E+01 -5.8738E+01 6.4145E+02  1.6122E+01 1.8732E+01
4.132800E+01 -8.7896E+01 5.3637E+02  1.4107E+01 1.7752E+01
3.757091E+01 -9.9582E+01 4.4369E+02  1.2340E+01 1.6630E+01
3.350919E+01 -9.8632E+01 3.5261E+02  1.0581E+01 1.5223E+01
2.999855E+01 -8.6237E+01 2.8249E+02  9.2428E+00 1.3790E+01
2.755200E+01 -7.3393E+01 2.3998E+02  8.4411E+00 1.2709E+01
2.499677E+01 -5.7153E+01 2.0052E+02  7.7202E+00 1.1498E+01
2.431059E+01 -5.1165E+01 1.9220E+02  7.6160E+00 1.1153E+01
2.384308E+01 -4.7916E+01 1.8691E+02  7.5378E+00 1.0946E+01
2.339321E+01 -4.5255E+01 1.8200E+02  7.4572E+00 1.0760E+01
2.296000E+01 -4.2779E+01 1.7728E+02  7.3773E+00 1.0581E+01
2.254255E+01 -4.0476E+01 1.7270E+02  7.2969E+00 1.0407E+01
2.214000E+01 -3.8294E+01 1.6835E+02  7.2200E+00 1.0240E+01
2.175158E+01 -3.6221E+01 1.6412E+02  7.1436E+00 1.0077E+01
2.137655E+01 -3.4190E+01 1.6011E+02  7.0724E+00 9.9173E+00
2.101424E+01 -3.2212E+01 1.5623E+02  7.0034E+00 9.7605E+00
2.066400E+01 -3.0251E+01 1.5248E+02  6.9376E+00 9.6051E+00
2.032525E+01 -2.8331E+01 1.4904E+02  6.8801E+00 9.4566E+00
2.000065E+01 -2.6395E+01 1.4571E+02  6.8267E+00 9.3087E+00
1.937250E+01 -2.2277E+01 1.4001E+02  6.7568E+00 9.0247E+00
1.878546E+01 -1.9185E+01 1.3528E+02  6.6912E+00 8.7943E+00
1.823294E+01 -1.6611E+01 1.3088E+02  6.6224E+00 8.5855E+00
1.771200E+01 -1.4341E+01 1.2675E+02  6.5536E+00 8.3903E+00
1.722000E+01 -1.2327E+01 1.2294E+02  6.4878E+00 8.2094E+00
1.675459E+01 -1.0482E+01 1.1930E+02  6.4227E+00 8.0360E+00
1.631368E+01 -8.7641E+00 1.1596E+02  6.3641E+00 7.8736E+00
1.589538E+01 -7.3134E+00 1.1287E+02  6.3053E+00 7.7254E+00
1.549800E+01 -6.0306E+00 1.0999E+02  6.2482E+00 7.5872E+00
1.512000E+01 -4.9087E+00 1.0724E+02  6.1904E+00 7.4573E+00
1.499928E+01 -4.5544E+00 1.0637E+02  6.1719E+00 7.4155E+00
1.476000E+01 -3.8701E+00 1.0462E+02  6.1339E+00 7.3323E+00
1.441674E+01 -2.9135E+00 1.0202E+02  6.0755E+00 7.2094E+00
1.408909E+01 -2.0174E+00 9.9581E+01  6.0203E+00 7.0924E+00
1.377600E+01 -1.1660E+00 9.7249E+01  5.9672E+00 6.9791E+00
1.347652E+01 -3.5690E-01 9.5021E+01  5.9162E+00 6.8695E+00
1.318979E+01  4.3918E-01 9.2893E+01  5.8682E+00 6.7626E+00
1.291500E+01  1.2110E+00 9.0875E+01  5.8232E+00 6.6592E+00
1.265143E+01  1.9605E+00 8.8963E+01  5.7813E+00 6.5594E+00
1.239840E+01  2.7540E+00 8.7138E+01  5.7444E+00 6.4601E+00
1.227564E+01  3.1425E+00 8.6358E+01  5.7305E+00 6.4154E+00
1.215529E+01  3.4492E+00 8.5613E+01  5.7148E+00 6.3749E+00
1.192154E+01  4.0344E+00 8.4124E+01  5.6824E+00 6.2945E+00
1.169660E+01  4.5264E+00 8.2683E+01  5.6481E+00 6.2186E+00
1.148000E+01  4.9784E+00 8.1286E+01  5.6138E+00 6.1452E+00
1.127127E+01  5.3785E+00 7.9919E+01  5.5784E+00 6.0743E+00
1.107000E+01  5.7436E+00 7.8620E+01  5.5442E+00 6.0069E+00
1.087579E+01  6.0978E+00 7.7358E+01  5.5108E+00 5.9408E+00
1.068828E+01  6.4173E+00 7.6137E+01  5.4774E+00 5.8771E+00
1.050712E+01  6.7275E+00 7.4952E+01  5.4450E+00 5.8147E+00
1.033200E+01  7.0049E+00 7.3805E+01  5.4126E+00 5.7547E+00
1.016262E+01  7.2766E+00 7.2717E+01  5.3821E+00 5.6969E+00
9.998710E+00  7.5173E+00 7.1665E+01  5.3516E+00 5.6415E+00
9.840000E+00  7.7279E+00 7.0649E+01  5.3211E+00 5.5883E+00
9.686250E+00  7.9092E+00 6.9668E+01  5.2906E+00 5.5374E+00
9.663602E+00  7.9378E+00 6.9517E+01  5.2860E+00 5.5296E+00
9.537231E+00  8.0833E+00 6.8695E+01  5.2600E+00 5.4868E+00
9.392728E+00  8.2400E+00 6.7744E+01  5.2294E+00 5.4374E+00
9.252538E+00  8.3926E+00 6.6823E+01  5.1997E+00 5.3892E+00
9.116470E+00  8.5286E+00 6.5924E+01  5.1700E+00 5.3423E+00
8.984348E+00  8.6714E+00 6.5041E+01  5.1412E+00 5.2955E+00
8.856000E+00  8.7985E+00 6.4179E+01  5.1123E+00 5.2499E+00
8.731268E+00  8.9326E+00 6.3333E+01  5.0844E+00 5.2045E+00
8.610001E+00  9.0640E+00 6.2516E+01  5.0574E+00 5.1603E+00
8.492055E+00  9.1804E+00 6.1718E+01  5.0304E+00 5.1172E+00
8.377297E+00  9.3045E+00 6.0935E+01  5.0044E+00 5.0743E+00
8.265600E+00  9.4264E+00 6.0181E+01  4.9793E+00 5.0324E+00
7.998968E+00  9.7353E+00 5.8375E+01  4.9198E+00 4.9304E+00
7.749001E+00  1.0091E+01 5.6753E+01  4.8702E+00 4.8340E+00
7.514182E+00  1.0315E+01 5.5320E+01  4.8215E+00 4.7513E+00
7.293177E+00  1.0472E+01 5.3946E+01  4.7716E+00 4.6733E+00
7.084800E+00  1.0586E+01 5.2626E+01  4.7215E+00 4.5989E+00
6.911037E+00  1.0679E+01 5.1535E+01  4.6798E+00 4.5367E+00
6.701838E+00  1.0773E+01 5.0185E+01  4.6267E+00 4.4595E+00
6.525474E+00  1.0868E+01 4.9057E+01  4.5830E+00 4.3934E+00
6.358154E+00  1.1054E+01 4.8020E+01  4.5481E+00 4.3275E+00
6.332176E+00  1.1184E+01 4.7909E+01  4.5506E+00 4.3156E+00
6.328944E+00  1.1206E+01 4.7906E+01  4.5517E+00 4.3145E+00
6.325715E+00  1.1239E+01 4.7911E+01  4.5537E+00 4.3134E+00
6.322489E+00  1.1283E+01 4.7924E+01  4.5568E+00 4.3122E+00
6.319266E+00  1.1330E+01 4.7958E+01  4.5609E+00 4.3120E+00
6.316047E+00  1.1371E+01 4.8022E+01  4.5660E+00 4.3138E+00
6.312831E+00  1.1407E+01 4.8117E+01  4.5722E+00 4.3176E+00
6.309618E+00  1.1418E+01 4.8247E+01  4.5784E+00 4.3244E+00
6.306409E+00  1.1338E+01 4.8451E+01  4.5828E+00 4.3393E+00
6.303203E+00  1.1121E+01 4.8623E+01  4.5782E+00 4.3583E+00
6.300000E+00  1.0772E+01 4.8641E+01  4.5595E+00 4.3746E+00
6.296801E+00  1.0514E+01 4.8444E+01  4.5366E+00 4.3749E+00
6.293604E+00  1.0402E+01 4.8197E+01  4.5195E+00 4.3661E+00
6.290411E+00  1.0397E+01 4.7997E+01  4.5103E+00 4.3552E+00
6.287221E+00  1.0430E+01 4.7862E+01  4.5063E+00 4.3461E+00
6.284035E+00  1.0478E+01 4.7755E+01  4.5042E+00 4.3380E+00
6.280851E+00  1.0519E+01 4.7679E+01  4.5032E+00 4.3319E+00
6.277671E+00  1.0552E+01 4.7614E+01  4.5021E+00 4.3268E+00
6.274494E+00  1.0588E+01 4.7569E+01  4.5021E+00 4.3227E+00
6.271320E+00  1.0623E+01 4.7523E+01  4.5022E+00 4.3186E+00
6.268150E+00  1.0650E+01 4.7489E+01  4.5022E+00 4.3155E+00
6.261818E+00  1.0685E+01 4.7424E+01  4.5012E+00 4.3103E+00
6.230352E+00  1.0790E+01 4.7188E+01  4.4967E+00 4.2924E+00
6.199200E+00  1.0838E+01 4.6980E+01  4.4903E+00 4.2785E+00
6.048000E+00  1.0925E+01 4.6028E+01  4.4531E+00 4.2203E+00
5.904000E+00  1.0958E+01 4.5103E+01  4.4138E+00 4.1655E+00
5.635636E+00  1.0967E+01 4.3355E+01  4.3359E+00 4.0626E+00
5.510400E+00  1.0974E+01 4.2537E+01  4.2992E+00 4.0135E+00
5.166000E+00  1.0964E+01 4.0242E+01  4.1936E+00 3.8742E+00
4.999355E+00  1.0984E+01 3.9136E+01  4.1436E+00 3.8043E+00
4.768616E+00  1.1024E+01 3.7696E+01  4.0789E+00 3.7110E+00
4.428000E+00  1.0907E+01 3.5537E+01  3.9692E+00 3.5757E+00
4.132800E+00  1.0774E+01 3.3629E+01  3.8685E+00 3.4538E+00
3.874500E+00  1.0668E+01 3.1967E+01  3.7801E+00 3.3438E+00
3.646588E+00  1.0479E+01 3.0541E+01  3.6961E+00 3.2517E+00
3.401482E+00  1.0243E+01 2.8937E+01  3.5982E+00 3.1466E+00
3.262737E+00  1.0097E+01 2.8018E+01  3.5405E+00 3.0853E+00
3.099600E+00  9.9448E+00 2.6936E+01  3.4732E+00 3.0108E+00
2.755200E+00  9.4835E+00 2.4646E+01  3.3166E+00 2.8548E+00
2.479680E+00  9.1377E+00 2.2746E+01  3.1857E+00 2.7171E+00
2.423930E+00  9.0666E+00 2.2396E+01  3.1606E+00 2.6914E+00
2.254255E+00  8.7864E+00 2.1283E+01  3.0750E+00 2.6114E+00
2.199858E+00  8.6873E+00 2.0915E+01  3.0458E+00 2.5848E+00
2.121924E+00  8.5412E+00 2.0382E+01  3.0028E+00 2.5459E+00
2.066400E+00  8.4448E+00 2.0000E+01  2.9726E+00 2.5173E+00
1.907446E+00  8.1334E+00 1.8929E+01  2.8827E+00 2.4376E+00
1.771200E+00  7.8145E+00 1.7999E+01  2.7984E+00 2.3693E+00
1.650040E+00  7.5209E+00 1.7138E+01  2.7189E+00 2.3042E+00
1.549800E+00  7.2974E+00 1.6431E+01  2.6541E+00 2.2483E+00
1.458635E+00  7.0405E+00 1.5826E+01  2.5911E+00 2.2036E+00
1.377600E+00  6.7729E+00 1.5255E+01  2.5280E+00 2.1619E+00
1.305095E+00  6.5321E+00 1.4717E+01  2.4688E+00 2.1214E+00
1.249965E+00  6.3568E+00 1.4285E+01  2.4223E+00 2.0870E+00
1.127127E+00  5.9305E+00 1.3380E+01  2.3165E+00 2.0172E+00
9.998710E-01  5.4015E+00 1.2348E+01  2.1867E+00 1.9374E+00
8.997388E-01  4.9974E+00 1.1472E+01  2.0775E+00 1.8638E+00
7.998968E-01  4.6485E+00 1.0557E+01  1.9683E+00 1.7783E+00
7.000791E-01  4.3551E+00 9.6531E+00  1.8630E+00 1.6858E+00
6.563473E-01  4.2553E+00 9.2800E+00  1.8213E+00 1.6446E+00
5.500621E-01  4.0395E+00 8.5592E+00  1.7361E+00 1.5641E+00
4.860212E-01  3.8456E+00 8.3238E+00  1.6905E+00 1.5469E+00
4.399716E-01  3.6126E+00 8.2731E+00  1.6537E+00 1.5588E+00
4.339657E-01  3.5738E+00 8.2787E+00  1.6488E+00 1.5627E+00
3.999484E-01  3.2940E+00 8.3535E+00  1.6160E+00 1.5966E+00
3.814892E-01  3.0969E+00 8.4403E+00  1.5961E+00 1.6256E+00
3.649809E-01  2.8842E+00 8.5590E+00  1.5771E+00 1.6606E+00
3.440177E-01  2.5535E+00 8.8491E+00  1.5583E+00 1.7295E+00
3.262737E-01  2.0498E+00 9.2773E+00  1.5314E+00 1.8325E+00
3.099600E-01  1.1681E+00 9.7506E+00  1.4654E+00 1.9775E+00
2.917271E-01 -4.3133E-01 1.0000E+01  1.3005E+00 2.1734E+00
2.850207E-01 -1.2362E+00 9.9802E+00  1.2076E+00 2.2604E+00
2.739978E-01 -2.9058E+00 9.4277E+00  9.6374E-01 2.4004E+00
2.583000E-01 -4.4706E+00 7.0553E+00  4.8191E-01 2.3805E+00
2.500181E-01 -4.6506E+00 5.6893E+00  2.4683E-01 2.2815E+00
2.400000E-01 -4.3529E+00 4.1531E+00 -3.8177E-03 2.0845E+00
2.384308E-01 -4.2657E+00 3.9420E+00 -3.7368E-02 2.0475E+00
2.339321E-01 -3.9435E+00 3.4177E+00 -1.1485E-01 1.9306E+00
2.299833E-01 -3.6657E+00 3.0503E+00 -1.6775E-01 1.8326E+00
2.254255E-01 -3.3533E+00 2.6994E+00 -2.1646E-01 1.7226E+00
2.214000E-01 -3.0918E+00 2.4042E+00 -2.6006E-01 1.6246E+00
2.190143E-01 -2.9249E+00 2.2468E+00 -2.8107E-01 1.5626E+00
2.175158E-01 -2.8173E+00 2.1555E+00 -2.9218E-01 1.5226E+00
2.137655E-01 -2.5437E+00 1.9715E+00 -3.0709E-01 1.4226E+00
2.100000E-01 -2.3054E+00 1.8216E+00 -3.1601E-01 1.3316E+00
2.000065E-01 -1.7437E+00 1.4955E+00 -3.1938E-01 1.0986E+00
1.899847E-01 -1.2377E+00 1.2329E+00 -2.8658E-01 8.6409E-01
1.800000E-01 -7.7314E-01 1.0430E+00 -1.9557E-01 6.4826E-01
1.700041E-01 -3.4568E-01 8.9657E-01 -6.0784E-02 4.7729E-01
1.653120E-01 -1.4681E-01 8.4007E-01  1.2558E-02 4.1482E-01
1.600000E-01  7.3593E-02 7.9017E-01  9.6956E-02 3.6016E-01
1.549800E-01  2.7737E-01 7.5006E-01  1.7445E-01 3.1932E-01
1.490013E-01  5.3662E-01 6.9301E-01  2.6931E-01 2.7299E-01
1.458635E-01  6.9040E-01 6.7014E-01  3.2454E-01 2.5297E-01
1.441674E-01  7.7936E-01 6.6474E-01  3.5625E-01 2.4506E-01
1.425104E-01  8.6764E-01 6.6332E-01  3.8737E-01 2.3906E-01
1.408909E-01  9.5594E-01 6.6523E-01  4.1808E-01 2.3455E-01
1.389955E-01  1.0621E+00 6.7241E-01  4.5450E-01 2.3115E-01
1.362461E-01  1.2220E+00 6.9025E-01  5.0812E-01 2.2884E-01
1.333161E-01  1.4062E+00 7.2564E-01  5.6834E-01 2.3134E-01
1.305095E-01  1.5942E+00 7.8010E-01  6.2836E-01 2.3954E-01
1.278186E-01  1.7832E+00 8.6325E-01  6.8778E-01 2.5573E-01
1.249965E-01  1.9834E+00 9.8000E-01  7.4980E-01 2.8003E-01
1.215529E-01  2.2282E+00 1.1640E+00  8.2482E-01 3.1893E-01
1.180013E-01  2.4843E+00 1.4158E+00  9.0333E-01 3.7193E-01
1.148000E-01  2.7414E+00 1.7051E+00  9.8155E-01 4.3023E-01
1.109973E-01  3.0715E+00 2.2222E+00  1.0869E+00 5.3243E-01
1.078122E-01  3.3178E+00 2.9195E+00  1.1829E+00 6.6874E-01
1.050000E-01  3.2710E+00 3.9096E+00  1.2429E+00 8.7154E-01
1.024661E-01  2.5484E+00 4.8048E+00  1.1819E+00 1.1010E+00
9.999516E-02  1.7112E+00 5.1460E+00  1.0649E+00 1.2461E+00
9.762520E-02  9.0273E-01 5.2288E+00  9.3222E-01 1.3531E+00
9.537231E-02  2.0352E-01 5.1199E+00  7.9763E-01 1.4241E+00
9.322105E-02 -3.8112E-01 4.8372E+00  6.5763E-01 1.4591E+00
9.116471E-02 -7.3405E-01 4.5042E+00  5.4563E-01 1.4571E+00
8.856000E-02 -1.0897E+00 4.1496E+00  4.2494E-01 1.4561E+00
8.265600E-02 -1.7792E+00 3.3007E+00  1.4285E-01 1.4441E+00
7.749000E-02 -1.9800E+00 2.2998E+00 -1.2825E-01 1.3191E+00
7.293177E-02 -1.7797E+00 1.7304E+00 -2.5225E-01 1.1571E+00
6.888000E-02 -1.6302E+00 1.3205E+00 -3.5465E-01 1.0231E+00
6.525474E-02 -1.4162E+00 1.0299E+00 -4.1065E-01 8.7378E-01
6.199200E-02 -1.2741E+00 8.7006E-01 -4.3516E-01 7.7018E-01
5.904000E-02 -1.1621E+00 7.2997E-01 -4.5886E-01 6.7447E-01
5.635637E-02 -1.0562E+00 6.1000E-01 -4.7256E-01 5.7827E-01
5.390609E-02 -9.5768E-01 5.1995E-01 -4.6897E-01 4.8956E-01
5.166000E-02 -8.7389E-01 4.5000E-01 -4.5527E-01 4.1306E-01
4.959360E-02 -8.0076E-01 3.8996E-01 -4.3557E-01 3.4545E-01
4.768616E-02 -7.3706E-01 3.3998E-01 -4.1147E-01 2.8884E-01
4.592000E-02 -6.7296E-01 2.9006E-01 -3.8187E-01 2.3463E-01
4.428000E-02 -6.1574E-01 2.6000E-01 -3.4876E-01 1.9962E-01
4.275310E-02 -5.5710E-01 2.2006E-01 -3.1536E-01 1.6071E-01
4.132800E-02 -4.9815E-01 2.1002E-01 -2.7685E-01 1.4521E-01
3.999484E-02 -4.5690E-01 1.9998E-01 -2.5105E-01 1.3351E-01
3.874500E-02 -4.1844E-01 1.9004E-01 -2.2754E-01 1.2301E-01
3.757091E-02 -3.8336E-01 1.8498E-01 -2.0614E-01 1.1651E-01
3.646588E-02 -3.5135E-01 1.8000E-01 -1.8704E-01 1.1071E-01
3.542400E-02 -3.0149E-01 1.7998E-01 -1.5743E-01 1.0680E-01
3.444000E-02 -2.9678E-01 2.3998E-01 -1.4963E-01 1.4111E-01
3.350919E-02 -3.2487E-01 2.2261E-01 -1.6753E-01 1.3370E-01
3.262737E-02 -3.2190E-01 2.0670E-01 -1.6723E-01 1.2410E-01
3.179077E-02 -3.1593E-01 1.9241E-01 -1.6493E-01 1.1520E-01
3.099600E-02 -3.0822E-01 1.7929E-01 -1.6143E-01 1.0690E-01
2.952000E-02 -2.9047E-01 1.5641E-01 -1.5262E-01 9.2293E-02
2.817818E-02 -2.7216E-01 1.3710E-01 -1.4312E-01 8.0002E-02
2.695304E-02 -2.5478E-01 1.2089E-01 -1.3392E-01 6.9792E-02
2.583000E-02 -2.3814E-01 1.0700E-01 -1.2502E-01 6.1141E-02
2.479680E-02 -2.2289E-01 9.5191E-02 -1.1682E-01 5.3891E-02
2.361600E-02 -2.0526E-01 8.2682E-02 -1.0731E-01 4.6311E-02
2.296000E-02 -1.9560E-01 7.6178E-02 -1.0211E-01 4.2421E-02
2.214000E-02 -1.8363E-01 6.8513E-02 -9.5673E-02 3.7881E-02
2.156243E-02 -1.7523E-01 6.3401E-02 -9.1162E-02 3.4880E-02
2.066400E-02 -1.6232E-01 5.5954E-02 -8.4241E-02 3.0550E-02
1.907446E-02 -1.4042E-01 4.4128E-02 -7.2559E-02 2.3790E-02
1.771200E-02 -1.2231E-01 3.5364E-02 -6.2958E-02 1.8870E-02
1.653120E-02 -1.0741E-01 2.8725E-02 -5.5107E-02 1.5200E-02
1.549800E-02 -9.4889E-02 2.3596E-02 -4.8546E-02 1.2400E-02
1.458635E-02 -8.4381E-02 1.9598E-02 -4.3065E-02 1.0240E-02
1.377600E-02 -7.5465E-02 1.6439E-02 -3.8435E-02 8.5480E-03
1.305095E-02 -6.7812E-02 1.3900E-02 -3.4474E-02 7.1980E-03
1.239840E-02 -6.1219E-02 1.1840E-02 -3.1074E-02 6.1100E-03
1.127127E-02 -5.0551E-02 8.7775E-03 -2.5593E-02 4.5040E-03
1.033200E-02 -4.2300E-02 6.6606E-03 -2.1373E-02 3.4030E-03
9.537231E-03 -3.5825E-02 5.1532E-03 -1.8072E-02 2.6240E-03
8.856000E-03 -3.0650E-02 4.0584E-03 -1.5442E-02 2.0610E-03
8.265601E-03 -2.6429E-02 3.2423E-03 -1.3302E-02 1.6430E-03
7.749000E-03 -2.2951E-02 2.6254E-03 -1.1541E-02 1.3280E-03
7.293177E-03 -2.0042E-02 2.1501E-03 -1.0071E-02 1.0860E-03
7.084800E-03 -1.8743E-02 1.9530E-03 -9.4152E-03 9.8580E-04
6.888000E-03 -1.7551E-02 1.7790E-03 -8.8141E-03 8.9740E-04
6.525474E-03 -1.5433E-02 1.4860E-03 -7.7460E-03 7.4880E-04
6.199200E-03 -1.3582E-02 1.2520E-03 -6.8139E-03 6.3030E-04
5.635636E-03 -1.0482E-02 9.0781E-04 -5.2548E-03 4.5630E-04
5.166000E-03 -7.8300E-03 6.7534E-04 -3.9226E-03 3.3900E-04
4.768616E-03 -5.1425E-03 5.1348E-04 -2.5745E-03 2.5740E-04
4.592000E-03 -3.3462E-03 4.5084E-04 -1.6745E-03 2.2580E-04
4.508509E-03 -2.0040E-03 4.2318E-04 -1.0025E-03 2.1180E-04
4.428000E-03  4.3709E-04 3.9769E-04  2.1854E-04 1.9880E-04
4.396596E-03  2.6248E-03 3.8791E-04  1.3115E-03 1.9370E-04
4.381060E-03  4.7888E-03 4.9358E-04  2.3915E-03 2.4620E-04
4.373333E-03  6.7383E-03 6.0122E-04  3.3636E-03 2.9960E-04
4.365634E-03  1.1089E-02 1.1479E-03  5.5296E-03 5.7080E-04
4.364097E-03  1.2159E-02 2.0262E-03  6.0616E-03 1.0070E-03
4.361027E-03  1.4018E-02 5.5989E-03  6.9886E-03 2.7800E-03
4.357961E-03  1.4529E-02 9.1599E-03  7.2486E-03 4.5470E-03
4.354900E-03  1.3839E-02 1.2790E-02  6.9156E-03 6.3510E-03
4.351843E-03  1.2079E-02 1.6240E-02  6.0536E-03 8.0710E-03
4.350316E-03  1.0829E-02 1.7911E-02  5.4396E-03 8.9070E-03
4.348790E-03  9.2184E-03 1.9299E-02  4.6446E-03 9.6050E-03
4.347265E-03  7.1351E-03 2.0574E-02  3.6136E-03 1.0250E-02
4.345742E-03  4.8720E-03 2.1714E-02  2.4916E-03 1.0830E-02
4.344219E-03  2.5252E-03 2.2269E-02  1.3236E-03 1.1120E-02
4.342697E-03  7.8220E-05 2.1702E-02  9.7967E-05 1.0850E-02
4.341177E-03 -2.5166E-03 2.0875E-02 -1.2044E-03 1.0450E-02
4.339657E-03 -4.5604E-03 1.9600E-02 -2.2344E-03 9.8220E-03
4.338139E-03 -5.6513E-03 1.7860E-02 -2.7894E-03 8.9550E-03
4.335105E-03 -6.7836E-03 1.2930E-02 -3.3764E-03 6.4870E-03
4.327539E-03 -5.2534E-03 9.6347E-03 -2.6184E-03 4.8300E-03
4.320000E-03 -4.1626E-03 7.9834E-03 -2.0754E-03 4.0000E-03
4.305000E-03 -3.1394E-03 7.1927E-03 -1.5644E-03 3.6020E-03
4.290104E-03 -2.8575E-03 6.5167E-03 -1.4244E-03 3.2630E-03
4.275310E-03 -2.0135E-03 5.5225E-03 -1.0034E-03 2.7640E-03
4.260619E-03  6.6197E-04 5.1737E-03  3.3427E-04 2.5860E-03
4.259155E-03  1.1501E-03 5.4932E-03  5.7867E-04 2.7450E-03
4.253311E-03  2.0447E-03 8.3786E-03  1.0306E-03 4.1850E-03
4.251852E-03  1.6472E-03 9.4459E-03  8.3438E-04 4.7190E-03
4.250394E-03  1.0721E-03 1.0190E-02  5.4888E-04 5.0920E-03
4.246028E-03 -5.8436E-04 9.7533E-03 -2.8032E-04 4.8780E-03
4.244574E-03 -8.7040E-04 9.3200E-03 -4.2442E-04 4.6620E-03
4.231536E-03 -1.9049E-03 9.9307E-03 -9.4052E-04 4.9700E-03
4.217143E-03 -3.1279E-03 9.6809E-03 -1.5534E-03 4.8480E-03
4.202847E-03 -3.9628E-03 9.3276E-03 -1.9724E-03 4.6730E-03
4.188649E-03 -4.8328E-03 8.8706E-03 -2.4094E-03 4.4460E-03
4.174545E-03 -5.0712E-03 7.6805E-03 -2.5314E-03 3.8500E-03
4.160537E-03 -4.7946E-03 7.3384E-03 -2.3934E-03 3.6780E-03
4.146622E-03 -4.7595E-03 6.9973E-03 -2.3764E-03 3.5070E-03
4.132800E-03 -4.4307E-03 6.5555E-03 -2.2124E-03 3.2850E-03
4.119070E-03 -3.9779E-03 6.6348E-03 -1.9854E-03 3.3240E-03
4.105431E-03 -3.6272E-03 6.8176E-03 -1.8094E-03 3.4150E-03
4.091881E-03 -3.5694E-03 7.4108E-03 -1.7794E-03 3.7120E-03
4.078421E-03 -3.8779E-03 7.6911E-03 -1.9334E-03 3.8530E-03
4.065049E-03 -4.0798E-03 7.7662E-03 -2.0344E-03 3.8910E-03
4.051765E-03 -4.1244E-03 7.9436E-03 -2.0564E-03 3.9800E-03
4.038567E-03 -4.3878E-03 8.4235E-03 -2.1874E-03 4.2210E-03
4.025455E-03 -5.0833E-03 8.6979E-03 -2.5354E-03 4.3600E-03
4.012427E-03 -5.7665E-03 8.4656E-03 -2.8784E-03 4.2450E-03
3.999484E-03 -6.1719E-03 8.1348E-03 -3.0824E-03 4.0800E-03
3.936000E-03 -6.9336E-03 6.5891E-03 -3.4674E-03 3.3060E-03
3.874500E-03 -6.7048E-03 5.4198E-03 -3.3544E-03 2.7190E-03
3.757091E-03 -6.2089E-03 4.8429E-03 -3.1063E-03 2.4290E-03
3.646588E-03 -6.0366E-03 4.4884E-03 -3.0203E-03 2.2510E-03
3.444000E-03 -5.8275E-03 3.7231E-03 -2.9163E-03 1.8670E-03
3.262737E-03 -5.5153E-03 3.1134E-03 -2.7603E-03 1.5610E-03
3.099600E-03 -5.1755E-03 2.6212E-03 -2.5902E-03 1.3140E-03
2.755200E-03 -4.3664E-03 1.7520E-03 -2.1852E-03 8.7790E-04
2.479680E-03 -3.6533E-03 1.2130E-03 -1.8281E-03 6.0760E-04
2.254255E-03 -3.0801E-03 8.6506E-04 -1.5411E-03 4.3320E-04
2.066400E-03 -2.6166E-03 6.3277E-04 -1.3091E-03 3.1680E-04
1.907446E-03 -2.2450E-03 4.7307E-04 -1.1231E-03 2.3680E-04
1.771200E-03 -1.9422E-03 3.6065E-04 -9.7157E-04 1.8050E-04
1.653120E-03 -1.6940E-03 2.7956E-04 -8.4736E-04 1.3990E-04
1.549800E-03 -1.4892E-03 2.1984E-04 -7.4486E-04 1.1000E-04
1.458635E-03 -1.3191E-03 1.7530E-04 -6.5975E-04 8.7710E-05
1.377600E-03 -1.1751E-03 1.4140E-04 -5.8774E-04 7.0740E-05
1.305095E-03 -1.0530E-03 1.1530E-04 -5.2664E-04 5.7680E-05
1.239840E-03 -9.4865E-04 9.4915E-05 -4.7444E-04 4.7480E-05
1.127127E-03 -7.8151E-04 6.5994E-05 -3.9083E-04 3.3010E-05
1.033200E-03 -6.5414E-04 4.7265E-05 -3.2713E-04 2.3640E-05
9.537231E-04 -5.5517E-04 3.4690E-05 -2.7762E-04 1.7350E-05
8.856000E-04 -4.7738E-04 2.6034E-05 -2.3872E-04 1.3020E-05
8.265600E-04 -4.1439E-04 1.9910E-05 -2.0722E-04 9.9570E-06
7.749000E-04 -3.6320E-04 1.5469E-05 -1.8161E-04 7.7360E-06
7.293177E-04 -3.2100E-04 1.2200E-05 -1.6051E-04 6.1010E-06
6.888000E-04 -2.8580E-04 9.7426E-06 -1.4291E-04 4.8720E-06
6.525474E-04 -2.5620E-04 7.8730E-06 -1.2811E-04 3.9370E-06
6.199200E-04 -2.3040E-04 6.4273E-06 -1.1521E-04 3.2140E-06
4.959360E-04 -1.4621E-04 2.6438E-06 -7.3106E-05 1.3220E-06
4.132800E-04 -1.0121E-04 1.2739E-06 -5.0604E-05 6.3700E-07
3.099600E-04 -5.6604E-05 3.9759E-07 -2.8302E-05 1.9880E-07
2.479680E-04 -3.6103E-05 1.5990E-07 -1.8051E-05 7.9950E-08
2.066400E-04 -2.5022E-05 7.5599E-08 -1.2511E-05 3.7800E-08
1.549800E-04 -1.4051E-05 2.3000E-08 -7.0256E-06 1.1500E-08
1.239840E-04 -8.9807E-06 9.0740E-09 -4.4904E-06 4.5370E-09
1.033200E-04 -6.2325E-06 5.3140E-09 -3.1163E-06 2.6570E-09
8.856000E-05 -4.5784E-06 2.6100E-09 -2.2892E-06 1.3050E-09
7.749000E-05 -3.5023E-06 1.3230E-09 -1.7511E-06 6.6150E-10
6.888000E-05 -2.7682E-06 8.0980E-10 -1.3841E-06 4.0490E-10
6.199200E-05  3.0811E-10 2.7926E-16  1.5405E-10 1.3963E-16
