0.05   0.98559   0.34893
0.052686   0.98559   0.34893
0.055517   0.98559   0.34893
0.058499   0.98559   0.34893
0.061642   0.98559   0.34893
0.064954   0.98559   0.34893
0.068444   0.98559   0.34893
0.072121   0.98559   0.34893
0.075996   0.98559   0.34893
0.080078   0.98559   0.34893
0.084381   0.98559   0.34893
0.088914   0.98559   0.34893
0.093691   0.98559   0.34893
0.098724   0.98559   0.34893
0.1   0.98559   0.34893
0.10046   0.98679   0.35069
0.10093   0.988   0.35245
0.10139   0.98924   0.35421
0.10186   0.99061   0.35614
0.10233   0.99208   0.35819
0.1028   0.99351   0.36002
0.10328   0.99493   0.36181
0.10375   0.99636   0.36356
0.10423   0.99782   0.36531
0.10471   0.99958   0.36703
0.1052   1.0013   0.36871
0.10568   1.0027   0.37027
0.10617   1.0042   0.37184
0.10666   1.0059   0.37353
0.10715   1.0075   0.37519
0.10765   1.0092   0.37679
0.10814   1.0107   0.37828
0.10864   1.0122   0.37968
0.10914   1.0138   0.38113
0.10965   1.0155   0.38265
0.11015   1.0174   0.38395
0.11066   1.0195   0.38517
0.11117   1.0212   0.38646
0.11169   1.023   0.38777
0.1122   1.0245   0.38891
0.11272   1.0261   0.39004
0.11324   1.0276   0.39108
0.11376   1.0292   0.39213
0.11429   1.0308   0.39318
0.11482   1.0323   0.39422
0.11535   1.0339   0.39523
0.11588   1.0355   0.39624
0.11641   1.0371   0.39726
0.11695   1.0388   0.39825
0.11749   1.0404   0.39922
0.11803   1.042   0.40023
0.11858   1.0436   0.40127
0.11912   1.0448   0.40227
0.11967   1.0458   0.40327
0.12023   1.0473   0.40435
0.12078   1.0489   0.40546
0.12134   1.0505   0.40658
0.1219   1.052   0.4077
0.12246   1.0537   0.40888
0.12303   1.0553   0.41004
0.12359   1.0569   0.41113
0.12417   1.0585   0.4122
0.12474   1.06   0.41324
0.12531   1.0618   0.41427
0.12589   1.0639   0.41527
0.12647   1.0657   0.41625
0.12706   1.0673   0.4172
0.12764   1.0693   0.41807
0.12823   1.0714   0.41887
0.12882   1.0735   0.41956
0.12942   1.0757   0.42021
0.13002   1.0773   0.42065
0.13062   1.0788   0.42104
0.13122   1.0809   0.42138
0.13183   1.0831   0.4217
0.13243   1.0846   0.42181
0.13305   1.0861   0.42191
0.13366   1.0878   0.42202
0.13428   1.0894   0.4221
0.1349   1.091   0.4221
0.13552   1.0925   0.4221
0.13614   1.0941   0.4221
0.13677   1.0955   0.4221
0.1374   1.0965   0.4221
0.13804   1.0976   0.42218
0.13868   1.0986   0.42234
0.13932   1.0997   0.42257
0.13996   1.1008   0.42284
0.1406   1.1018   0.42324
0.14125   1.1029   0.42367
0.14191   1.1045   0.42421
0.14256   1.1061   0.42474
0.14322   1.1071   0.4252
0.14388   1.1083   0.42565
0.14454   1.1105   0.4261
0.14521   1.1125   0.42645
0.14588   1.114   0.4266
0.14655   1.1158   0.42664
0.14723   1.1179   0.42648
0.14791   1.1202   0.42611
0.14859   1.1228   0.42548
0.14928   1.1252   0.42456
0.14997   1.1273   0.42339
0.15066   1.1291   0.42176
0.15136   1.1307   0.41989
0.15205   1.1323   0.41757
0.15276   1.1339   0.41515
0.15346   1.1345   0.41245
0.15417   1.135   0.40973
0.15488   1.135   0.40698
0.1556   1.1349   0.4042
0.15631   1.1344   0.40121
0.15704   1.1335   0.39835
0.15776   1.1319   0.39576
0.15849   1.1302   0.39333
0.15922   1.1281   0.39113
0.15996   1.1257   0.38921
0.16069   1.1231   0.38757
0.16144   1.1201   0.38628
0.16218   1.1169   0.38521
0.16293   1.1137   0.38456
0.16368   1.1105   0.38408
0.16444   1.1073   0.38405
0.1652   1.104   0.3841
0.16596   1.101   0.38456
0.16672   1.0979   0.38503
0.16749   1.0946   0.38597
0.16827   1.0914   0.38696
0.16904   1.0888   0.38815
0.16982   1.0861   0.38944
0.17061   1.083   0.39095
0.1714   1.0799   0.39258
0.17219   1.0771   0.39439
0.17298   1.0745   0.39622
0.17378   1.072   0.39806
0.17458   1.0694   0.40012
0.17539   1.0667   0.40232
0.1762   1.064   0.40466
0.17701   1.0613   0.40704
0.17783   1.0587   0.4094
0.17865   1.0562   0.41175
0.17947   1.0539   0.41443
0.1803   1.0517   0.41713
0.18113   1.0491   0.41978
0.18197   1.0466   0.42248
0.18281   1.0445   0.42531
0.18365   1.0422   0.42822
0.1845   1.0396   0.4313
0.18535   1.0369   0.4345
0.18621   1.0342   0.43786
0.18707   1.0318   0.44145
0.18793   1.0297   0.44523
0.1888   1.0272   0.44912
0.18967   1.0247   0.45306
0.19055   1.0224   0.45758
0.19143   1.0202   0.4623
0.19231   1.0181   0.46714
0.1932   1.016   0.47198
0.19409   1.0144   0.47713
0.19498   1.0129   0.4823
0.19588   1.0118   0.48766
0.19679   1.0109   0.49304
0.1977   1.0104   0.49849
0.19861   1.01   0.50395
0.19953   1.01   0.50939
0.20045   1.01   0.51464
0.20137   1.01   0.51968
0.2023   1.0103   0.52478
0.20324   1.0108   0.52994
0.20417   1.011   0.53485
0.20512   1.011   0.53966
0.20606   1.0114   0.54438
0.20701   1.012   0.54908
0.20797   1.013   0.55376
0.20893   1.014   0.55844
0.20989   1.0146   0.56311
0.21086   1.0151   0.56776
0.21184   1.0156   0.57227
0.21281   1.0162   0.57683
0.2138   1.0173   0.58152
0.21478   1.0184   0.58614
0.21577   1.0194   0.59063
0.21677   1.0205   0.59509
0.21777   1.0215   0.59951
0.21878   1.0226   0.60392
0.21979   1.0237   0.60833
0.2208   1.0247   0.61269
0.22182   1.0258   0.61703
0.22284   1.0269   0.62136
0.22387   1.028   0.62568
0.22491   1.029   0.62978
0.22594   1.03   0.63387
0.22699   1.0311   0.638
0.22803   1.0321   0.64215
0.22909   1.0332   0.64641
0.23014   1.0342   0.6507
0.23121   1.0353   0.65506
0.23227   1.0364   0.65949
0.23335   1.0374   0.66405
0.23442   1.0383   0.66871
0.2355   1.0388   0.67347
0.23659   1.0397   0.67824
0.23768   1.0407   0.68302
0.23878   1.0417   0.68798
0.23988   1.0428   0.69301
0.24099   1.0443   0.69825
0.2421   1.0459   0.70354
0.24322   1.047   0.70906
0.24434   1.0481   0.71462
0.24547   1.0502   0.72032
0.2466   1.0524   0.72598
0.24774   1.0544   0.73142
0.24889   1.0567   0.73689
0.25003   1.0594   0.74248
0.25119   1.0621   0.74788
0.25235   1.0647   0.75305
0.25351   1.0677   0.75815
0.25468   1.0709   0.76321
0.25586   1.0737   0.76822
0.25704   1.0764   0.7732
0.25823   1.0794   0.77801
0.25942   1.0825   0.78277
0.26062   1.0852   0.78762
0.26182   1.0878   0.79247
0.26303   1.0911   0.79768
0.26424   1.0944   0.80287
0.26546   1.0981   0.80781
0.26669   1.1018   0.81268
0.26792   1.1054   0.8173
0.26915   1.1091   0.82191
0.2704   1.1129   0.82651
0.27164   1.1166   0.8309
0.2729   1.1202   0.83502
0.27416   1.1239   0.83906
0.27542   1.1276   0.84301
0.27669   1.1313   0.84692
0.27797   1.135   0.8508
0.27925   1.1388   0.85475
0.28054   1.1425   0.85872
0.28184   1.1457   0.86267
0.28314   1.1489   0.86662
0.28445   1.1526   0.87091
0.28576   1.1564   0.8752
0.28708   1.1601   0.87938
0.2884   1.164   0.88354
0.28973   1.1682   0.88764
0.29107   1.1723   0.89165
0.29242   1.1759   0.89547
0.29376   1.1798   0.89933
0.29512   1.1842   0.90324
0.29648   1.1884   0.90698
0.29785   1.1926   0.91061
0.29923   1.1969   0.91423
0.30061   1.2011   0.91784
0.302   1.2054   0.92139
0.30339   1.2097   0.92492
0.30479   1.2138   0.92836
0.3062   1.218   0.93179
0.30761   1.2217   0.93515
0.30903   1.2254   0.9385
0.31046   1.2296   0.94184
0.31189   1.2339   0.94517
0.31333   1.2381   0.94848
0.31477   1.2424   0.95176
0.31623   1.2467   0.95499
0.31769   1.251   0.95818
0.31915   1.2552   0.96132
0.32063   1.2594   0.96445
0.32211   1.2636   0.96756
0.32359   1.2678   0.9707
0.32509   1.2721   0.97384
0.32659   1.2764   0.97692
0.3281   1.2807   0.97999
0.32961   1.2849   0.98293
0.33113   1.2891   0.98586
0.33266   1.2933   0.98882
0.3342   1.2975   0.99177
0.33574   1.3018   0.9947
0.33729   1.3062   0.99758
0.33884   1.311   1.0003
0.34041   1.3156   1.0032
0.34198   1.3198   1.0064
0.34356   1.324   1.0093
0.34514   1.3283   1.0119
0.34674   1.3325   1.0146
0.34834   1.3368   1.0172
0.34995   1.341   1.0199
0.35156   1.3451   1.0225
0.35318   1.3494   1.0251
0.35481   1.3538   1.0279
0.35645   1.358   1.0305
0.3581   1.3623   1.0332
0.35975   1.3669   1.0357
0.36141   1.3715   1.0383
0.36308   1.3759   1.041
0.36475   1.3801   1.0437
0.36644   1.3844   1.0463
0.36813   1.3886   1.049
0.36983   1.3928   1.0516
0.37154   1.3971   1.0543
0.37325   1.4014   1.057
0.37497   1.4059   1.0596
0.3767   1.4107   1.0623
0.37844   1.415   1.0645
0.38019   1.4192   1.0666
0.38194   1.4235   1.0692
0.38371   1.4278   1.0719
0.38548   1.432   1.0745
0.38726   1.4362   1.0771
0.38905   1.441   1.0792
0.39084   1.4458   1.0815
0.39264   1.4501   1.0842
0.39446   1.4543   1.0868
0.39628   1.4584   1.0894
0.39811   1.4629   1.0918
0.39994   1.4677   1.094
0.40179   1.4723   1.0964
0.40365   1.4765   1.0991
0.40551   1.4807   1.1017
0.40738   1.4848   1.1043
0.40926   1.4895   1.1066
0.41115   1.4944   1.1087
0.41305   1.4987   1.1113
0.41495   1.5029   1.1139
0.41687   1.5077   1.1161
0.41879   1.5125   1.1183
0.42073   1.5172   1.1209
0.42267   1.5219   1.1235
0.42462   1.5267   1.1261
0.42658   1.5313   1.1286
0.42855   1.5355   1.1308
0.43053   1.54   1.1331
0.43251   1.5447   1.1357
0.43451   1.5495   1.1381
0.43652   1.5543   1.1403
0.43853   1.5591   1.1424
0.44055   1.5637   1.1444
0.44259   1.5689   1.147
0.44463   1.5743   1.1496
0.44668   1.5791   1.1518
0.44875   1.5839   1.1539
0.45082   1.5887   1.1561
0.4529   1.5935   1.1582
0.45499   1.5987   1.1609
0.45709   1.6039   1.1634
0.4592   1.6088   1.1656
0.46132   1.6138   1.1677
0.46345   1.619   1.1698
0.46559   1.6242   1.1719
0.46774   1.6296   1.174
0.46989   1.6346   1.1762
0.47206   1.6394   1.1783
0.47424   1.6445   1.1804
0.47643   1.6499   1.1825
0.47863   1.6551   1.1842
0.48084   1.6604   1.1858
0.48306   1.6657   1.1879
0.48529   1.671   1.19
0.48753   1.6763   1.1916
0.48978   1.6817   1.1933
0.49204   1.6875   1.1954
0.49431   1.6932   1.1974
0.49659   1.6985   1.199
0.49888   1.7038   1.2005
0.50119   1.709   1.2021
0.5035   1.7146   1.2037
0.50582   1.7205   1.2053
0.50816   1.726   1.2069
0.5105   1.7312   1.2085
0.51286   1.7366   1.2097
0.51523   1.7419   1.2108
0.51761   1.7477   1.2123
0.52   1.7535   1.2139
0.5224   1.7588   1.215
0.52481   1.764   1.216
0.52723   1.7698   1.2176
0.52966   1.7756   1.2191
0.53211   1.7809   1.2202
0.53456   1.7862   1.2212
0.53703   1.7916   1.2223
0.53951   1.7971   1.2234
0.542   1.803   1.2244
0.5445   1.8085   1.2253
0.54702   1.8137   1.2258
0.54954   1.819   1.2266
0.55208   1.8243   1.2277
0.55463   1.83   1.2287
0.55719   1.8358   1.2298
0.55976   1.8412   1.2304
0.56234   1.8465   1.2309
0.56494   1.8518   1.232
0.56754   1.8571   1.233
0.57016   1.8624   1.2335
0.5728   1.8678   1.2341
0.57544   1.8731   1.2346
0.5781   1.8784   1.2351
0.58076   1.8836   1.2357
0.58345   1.8889   1.2362
0.58614   1.8943   1.2367
0.58884   1.8996   1.2373
0.59156   1.9048   1.2378
0.59429   1.9101   1.2383
0.59704   1.9155   1.2389
0.59979   1.9208   1.2394
0.60256   1.926   1.2399
0.60534   1.9313   1.2404
0.60813   1.9367   1.241
0.61094   1.942   1.2415
0.61376   1.9473   1.242
0.6166   1.9526   1.2426
0.61944   1.9578   1.243
0.6223   1.9631   1.243
0.62517   1.9683   1.2431
0.62806   1.9731   1.2437
0.63096   1.9781   1.244
0.63387   1.9834   1.244
0.6368   1.9887   1.2443
0.63973   1.9939   1.2448
0.64269   1.9992   1.2453
0.64565   2.0045   1.2458
0.64863   2.0094   1.246
0.65163   2.0142   1.246
0.65464   2.0195   1.246
0.65766   2.0248   1.246
0.66069   2.0301   1.2465
0.66374   2.0354   1.247
0.66681   2.0401   1.247
0.66988   2.045   1.2471
0.67298   2.0502   1.2476
0.67608   2.0554   1.248
0.6792   2.0601   1.248
0.68234   2.0651   1.248
0.68549   2.0704   1.248
0.68865   2.0758   1.248
0.69183   2.0811   1.248
0.69502   2.086   1.248
0.69823   2.0907   1.248
0.70146   2.0959   1.2484
0.70469   2.1012   1.2489
0.70795   2.1065   1.249
0.71121   2.1119   1.249
0.7145   2.1166   1.249
0.71779   2.1215   1.249
0.72111   2.1267   1.249
0.72444   2.132   1.249
0.72778   2.1373   1.249
0.73114   2.1426   1.2488
0.73451   2.1479   1.2483
0.7379   2.153   1.248
0.74131   2.1578   1.248
0.74473   2.1628   1.248
0.74817   2.1681   1.248
0.75162   2.1734   1.2477
0.75509   2.1788   1.2471
0.75858   2.1841   1.247
0.76208   2.1894   1.247
0.7656   2.1946   1.2465
0.76913   2.1999   1.246
0.77268   2.2052   1.2455
0.77625   2.2105   1.2449
0.77983   2.2158   1.2444
0.78343   2.2211   1.2439
0.78705   2.2264   1.2434
0.79068   2.2317   1.2427
0.79433   2.237   1.2416
0.79799   2.2423   1.2405
0.80168   2.2477   1.2395
0.80538   2.253   1.2384
0.8091   2.2583   1.2373
0.81283   2.2632   1.2363
0.81658   2.268   1.2352
0.82035   2.2732   1.2342
0.82414   2.2785   1.2331
0.82794   2.2833   1.232
0.83176   2.2881   1.231
0.8356   2.2928   1.2294
0.83946   2.2976   1.2278
0.84333   2.3024   1.2262
0.84723   2.307   1.2247
0.85114   2.3112   1.2237
0.85507   2.3155   1.2225
0.85901   2.3197   1.2209
0.86298   2.3239   1.2193
0.86696   2.3282   1.2177
0.87096   2.3324   1.2161
0.87498   2.3366   1.2145
0.87902   2.3409   1.2133
0.88308   2.3451   1.2122
0.88716   2.349   1.2107
0.89125   2.3527   1.2091
0.89536   2.3564   1.208
0.8995   2.3601   1.207
0.90365   2.3638   1.2054
0.90782   2.3675   1.2039
0.91201   2.3712   1.2028
0.91622   2.3749   1.2017
0.92045   2.3786   1.2007
0.9247   2.3823   1.1998
0.92897   2.3861   1.1993
0.93325   2.3898   1.1985
0.93756   2.3935   1.1974
0.94189   2.3969   1.1967
0.94624   2.4001   1.1962
0.9506   2.4036   1.1952
0.95499   2.4073   1.1942
0.9594   2.411   1.1936
0.96383   2.4147   1.193
0.96828   2.4184   1.192
0.97275   2.4221   1.191
0.97724   2.4258   1.1905
0.98175   2.4295   1.1899
0.98628   2.4333   1.1894
0.99083   2.4371   1.1889
0.99541   2.4413   1.1883
1.0   2.4454   1.1876
1.0046   2.4491   1.1865
1.0093   2.4528   1.1857
1.0139   2.4564   1.1852
1.0186   2.46   1.1844
1.0233   2.4637   1.1834
1.028   2.4674   1.1827
1.0328   2.471   1.1821
1.0375   2.4748   1.1812
1.0423   2.4785   1.1802
1.0471   2.4822   1.1795
1.052   2.486   1.179
1.0568   2.4898   1.1779
1.0617   2.4935   1.1768
1.0666   2.4974   1.1758
1.0715   2.5012   1.1748
1.0765   2.505   1.1743
1.0814   2.5087   1.1735
1.0864   2.5122   1.1725
1.0914   2.5159   1.1717
1.0965   2.5198   1.1712
1.1015   2.5231   1.1703
1.1066   2.5262   1.1693
1.1117   2.5296   1.1686
1.1169   2.5332   1.1681
1.122   2.5371   1.1671
1.1272   2.5411   1.166
1.1324   2.5442   1.1655
1.1376   2.5474   1.1649
1.1429   2.5511   1.1644
1.1482   2.5548   1.1638
1.1535   2.5585   1.1627
1.1588   2.5622   1.1618
1.1641   2.566   1.1613
1.1695   2.5695   1.1605
1.1749   2.5727   1.1594
1.1803   2.5761   1.1587
1.1858   2.5796   1.1582
1.1912   2.5833   1.1577
1.1967   2.5871   1.1571
1.2023   2.5903   1.1562
1.2078   2.5934   1.1552
1.2134   2.5971   1.1546
1.219   2.601   1.154
1.2246   2.6046   1.153
1.2303   2.6082   1.152
1.2359   2.6122   1.1514
1.2417   2.6159   1.1507
1.2474   2.619   1.1497
1.2531   2.6224   1.1486
1.2589   2.626   1.1476
1.2647   2.6297   1.1468
1.2706   2.6335   1.1462
1.2764   2.6372   1.1454
1.2823   2.6409   1.1443
1.2882   2.6441   1.1433
1.2942   2.6471   1.1423
1.3002   2.6507   1.1412
1.3062   2.6545   1.1402
1.3122   2.6578   1.1386
1.3183   2.6611   1.137
1.3243   2.6642   1.1359
1.3305   2.6672   1.1349
1.3366   2.6706   1.1338
1.3428   2.6739   1.1327
1.349   2.677   1.1317
1.3552   2.6799   1.1305
1.3614   2.6825   1.1289
1.3677   2.6854   1.1275
1.374   2.6885   1.1265
1.3804   2.6914   1.1254
1.3868   2.6941   1.1244
1.3932   2.6967   1.1237
1.3996   2.6994   1.1231
1.406   2.7021   1.1222
1.4125   2.7048   1.1211
1.4191   2.7069   1.1205
1.4256   2.7089   1.12
1.4322   2.7116   1.1195
1.4388   2.7143   1.1189
1.4454   2.7169   1.1184
1.4521   2.7196   1.1179
1.4588   2.7229   1.1173
1.4655   2.726   1.1168
1.4723   2.7286   1.1163
1.4791   2.7312   1.116
1.4859   2.7338   1.116
1.4928   2.7368   1.1157
1.4997   2.7399   1.1152
1.5066   2.7431   1.115
1.5136   2.7463   1.115
1.5205   2.7491   1.1146
1.5276   2.7518   1.114
1.5346   2.7551   1.1135
1.5417   2.7583   1.1129
1.5488   2.7614   1.1124
1.556   2.7644   1.1119
1.5631   2.7675   1.1114
1.5704   2.7705   1.111
1.5776   2.7733   1.111
1.5849   2.7762   1.1108
1.5922   2.7794   1.1103
1.5996   2.7825   1.1097
1.6069   2.7857   1.1092
1.6144   2.7889   1.1084
1.6218   2.7921   1.1073
1.6293   2.7953   1.1066
1.6368   2.7985   1.1061
1.6444   2.8013   1.1055
1.652   2.804   1.105
1.6596   2.807   1.1045
1.6672   2.8101   1.104
1.6749   2.8128   1.1034
1.6827   2.8157   1.1028
1.6904   2.8188   1.1017
1.6982   2.8218   1.1008
1.7061   2.8244   1.1003
1.714   2.8272   1.0998
1.7219   2.8304   1.0993
1.7298   2.8333   1.0985
1.7378   2.8359   1.0974
1.7458   2.8386   1.0967
1.7539   2.8413   1.0961
1.762   2.8436   1.0956
1.7701   2.8458   1.0951
1.7783   2.8483   1.0945
1.7865   2.8508   1.094
1.7947   2.8536   1.094
1.803   2.8563   1.0939
1.8113   2.8583   1.0934
1.8197   2.8605   1.093
1.8281   2.8632   1.093
1.8365   2.8658   1.093
1.845   2.8684   1.093
1.8535   2.8711   1.093
1.8621   2.8738   1.093
1.8707   2.8767   1.093
1.8793   2.8797   1.093
1.888   2.8826   1.093
1.8967   2.8853   1.093
1.9055   2.8883   1.0926
1.9143   2.8914   1.0921
1.9231   2.8947   1.092
1.932   2.898   1.092
1.9409   2.9011   1.0915
1.9498   2.9042   1.091
1.9588   2.9069   1.0904
1.9679   2.9097   1.0899
1.977   2.9129   1.0894
1.9861   2.9159   1.0888
1.9953   2.9184   1.0883
2.0045   2.9212   1.0878
2.0137   2.9245   1.0873
2.023   2.9274   1.0867
2.0324   2.93   1.0862
2.0417   2.9327   1.0857
2.0512   2.9355   1.0851
2.0606   2.9381   1.0846
2.0701   2.9408   1.084
2.0797   2.9434   1.0835
2.0893   2.9461   1.083
2.0989   2.9486   1.0825
2.1086   2.9512   1.082
2.1184   2.9539   1.082
2.1281   2.9565   1.0819
2.138   2.9585   1.0814
2.1478   2.9608   1.0808
2.1577   2.9635   1.0803
2.1677   2.9662   1.0798
2.1777   2.9689   1.0792
2.1878   2.9715   1.079
2.1979   2.9742   1.079
2.208   2.9765   1.0786
2.2182   2.9786   1.0781
2.2284   2.9811   1.078
2.2387   2.9837   1.078
2.2491   2.9864   1.0775
2.2594   2.9891   1.077
2.2699   2.9912   1.077
2.2803   2.9933   1.0769
2.2909   2.9954   1.0764
2.3014   2.9976   1.076
2.3121   3.0003   1.076
2.3227   3.0027   1.076
2.3335   3.0049   1.076
2.3442   3.0072   1.076
2.355   3.0098   1.076
2.3659   3.0125   1.076
2.3768   3.0152   1.076
2.3878   3.0179   1.076
2.3988   3.0205   1.076
2.4099   3.0231   1.076
2.421   3.0258   1.076
2.4322   3.0284   1.076
2.4434   3.0311   1.076
2.4547   3.0337   1.0755
2.466   3.0362   1.075
2.4774   3.039   1.075
2.4889   3.0417   1.0749
2.5003   3.0443   1.0743
2.5119   3.0467   1.0736
2.5235   3.0488   1.0726
2.5351   3.0509   1.0718
2.5468   3.0531   1.0712
2.5586   3.0549   1.0707
2.5704   3.0565   1.0702
2.5823   3.0581   1.0696
2.5942   3.0598   1.0691
2.6062   3.0613   1.069
2.6182   3.0629   1.069
2.6303   3.0645   1.0695
2.6424   3.0661   1.07
2.6546   3.0676   1.0711
2.6669   3.0692   1.0721
2.6792   3.0709   1.0726
2.6915   3.0726   1.0733
2.704   3.0747   1.0743
2.7164   3.077   1.0754
2.729   3.0797   1.0765
2.7416   3.0824   1.0775
2.7542   3.085   1.0786
2.7669   3.0877   1.0793
2.7797   3.0903   1.0799
2.7925   3.0933   1.0804
2.8054   3.0964   1.0809
2.8184   3.0992   1.081
2.8314   3.1019   1.081
2.8445   3.1045   1.081
2.8576   3.1071   1.081
2.8708   3.1098   1.081
2.884   3.1123   1.081
2.8973   3.1145   1.081
2.9107   3.1166   1.081
2.9242   3.1187   1.081
2.9376   3.1207   1.0812
2.9512   3.1222   1.0817
2.9648   3.1241   1.0823
2.9785   3.1262   1.0828
2.9923   3.1283   1.0833
3.0061   3.1304   1.0838
3.02   3.1322   1.0844
3.0339   3.1338   1.0849
3.0479   3.1358   1.0859
3.062   3.1378   1.0869
3.0761   3.1405   1.088
3.0903   3.1432   1.0891
3.1046   3.1453   1.0907
3.1189   3.1475   1.0922
3.1333   3.1502   1.0933
3.1477   3.1529   1.0943
3.1623   3.1554   1.0954
3.1769   3.1583   1.0966
3.1915   3.1614   1.0982
3.2063   3.1646   1.0995
3.2211   3.1679   1.1006
3.2359   3.1714   1.1017
3.2509   3.175   1.1027
3.2659   3.1791   1.1034
3.281   3.1834   1.1039
3.2961   3.1872   1.1035
3.3113   3.1908   1.103
3.3266   3.194   1.1015
3.342   3.1971   1.0999
3.3574   3.1993   1.0989
3.3729   3.2012   1.0978
3.3884   3.2023   1.0967
3.4041   3.2033   1.0962
3.4198   3.2044   1.0967
3.4356   3.2054   1.0977
3.4514   3.2065   1.0992
3.4674   3.2081   1.1011
3.4834   3.2103   1.1033
3.4995   3.2131   1.1047
3.5156   3.2163   1.1058
3.5318   3.2195   1.1068
3.5481   3.2226   1.1079
3.5645   3.2253   1.1085
3.581   3.228   1.109
3.5975   3.2301   1.1095
3.6141   3.2323   1.1101
3.6308   3.2344   1.1112
3.6475   3.2366   1.1122
3.6644   3.2392   1.1133
3.6813   3.242   1.1143
3.6983   3.2452   1.1154
3.7154   3.2482   1.1165
3.7325   3.2508   1.1175
3.7497   3.2538   1.1183
3.767   3.2569   1.1188
3.7844   3.2597   1.1197
3.8019   3.2624   1.1208
3.8194   3.2655   1.1218
3.8371   3.2687   1.1229
3.8548   3.2724   1.124
3.8726   3.2761   1.125
3.8905   3.2798   1.1245
3.9084   3.2834   1.1239
3.9264   3.2866   1.1228
3.9446   3.2894   1.1217
3.9628   3.291   1.1207
3.9811   3.2922   1.1204
3.9994   3.2927   1.1214
4.0179   3.2938   1.1235
4.0365   3.2954   1.1267
4.0551   3.2988   1.1299
4.0738   3.3035   1.133
4.0926   3.3093   1.134
4.1115   3.3158   1.134
4.1305   3.3204   1.131
4.1495   3.3247   1.1273
4.1687   3.325   1.1236
4.1879   3.3249   1.1201
4.2073   3.3234   1.1211
4.2267   3.3221   1.1227
4.2462   3.3226   1.1274
4.2658   3.324   1.132
4.2855   3.3283   1.1363
4.3053   3.3334   1.139
4.3251   3.3398   1.139
4.3451   3.3449   1.1377
4.3652   3.3486   1.135
4.3853   3.3503   1.133
4.4055   3.3509   1.1314
4.4259   3.3514   1.1318
4.4463   3.3519   1.1328
4.4668   3.3533   1.1347
4.4875   3.3549   1.1368
4.5082   3.358   1.139
4.529   3.3612   1.141
4.5499   3.3648   1.1415
4.5709   3.3684   1.142
4.592   3.3711   1.142
4.6132   3.3738   1.142
4.6345   3.3764   1.142
4.6559   3.3786   1.1422
4.6774   3.3802   1.1427
4.6989   3.3821   1.1435
4.7206   3.3842   1.1446
4.7424   3.3866   1.146
4.7643   3.3893   1.1476
4.7863   3.3927   1.1484
4.8084   3.3964   1.1489
4.8306   3.3997   1.1494
4.8529   3.4028   1.15
4.8753   3.406   1.1495
4.8978   3.4092   1.149
4.9204   3.4118   1.1484
4.9431   3.4145   1.148
4.9659   3.4171   1.148
4.9888   3.4196   1.1477
5.0119   3.4217   1.1466
5.035   3.4238   1.1456
5.0582   3.4259   1.1445
5.0816   3.4275   1.1437
5.1051   3.4286   1.1432
5.1286   3.4297   1.1433
5.1523   3.4307   1.1439
5.1761   3.4318   1.144
5.2   3.4329   1.144
5.224   3.4344   1.1445
5.2481   3.4359   1.145
5.2723   3.4375   1.1445
5.2966   3.4391   1.144
5.3211   3.4401   1.1434
5.3456   3.441   1.143
5.3703   3.441   1.143
5.3951   3.441   1.1432
5.42   3.441   1.1437
5.445   3.4415   1.1445
5.4702   3.4425   1.1455
5.4954   3.4438   1.146
5.5208   3.4454   1.146
5.5463   3.446   1.1453
5.5719   3.446   1.1443
5.5976   3.4452   1.1436
5.6234   3.4441   1.1431
5.6494   3.4426   1.1435
5.6754   3.441   1.144
5.7016   3.4389   1.1445
5.728   3.4366   1.1451
5.7544   3.4329   1.1462
5.781   3.4291   1.1482
5.8076   3.4249   1.1534
5.8345   3.4218   1.1595
5.8614   3.4213   1.1674
5.8884   3.4223   1.1736
5.9156   3.4255   1.1773
5.9429   3.427   1.1784
5.9704   3.427   1.1774
5.9979   3.4239   1.1787
6.0256   3.4191   1.1814
6.0534   3.4147   1.1882
6.0813   3.4104   1.1962
6.1094   3.4091   1.2055
6.1376   3.408   1.2149
6.1659   3.4085   1.225
6.1944   3.4094   1.2354
6.223   3.4132   1.2471
6.2517   3.418   1.2585
6.2806   3.4264   1.269
6.3096   3.4355   1.277
6.3387   3.4461   1.2802
6.368   3.4553   1.2815
6.3973   3.4628   1.2805
6.4269   3.4672   1.2794
6.4565   3.4693   1.2783
6.4863   3.47   1.2806
6.5163   3.47   1.2843
6.5464   3.4726   1.291
6.5766   3.4757   1.2984
6.6069   3.4818   1.3024
6.6374   3.4881   1.306
6.6681   3.4928   1.3049
6.6988   3.4972   1.3041
6.7298   3.4988   1.3046
6.7608   3.5   1.3057
6.792   3.5   1.3083
6.8234   3.5004   1.3115
6.8549   3.5014   1.3157
6.8865   3.5027   1.3197
6.9183   3.5044   1.3235
6.9502   3.5053   1.3275
6.9823   3.5058   1.3317
7.0146   3.5064   1.3371
7.0469   3.5069   1.3429
7.0795   3.5087   1.35
7.1121   3.5108   1.3574
7.145   3.5134   1.3643
7.1779   3.5161   1.3712
7.2111   3.5204   1.3793
7.2444   3.5249   1.3872
7.2778   3.5308   1.3946
7.3114   3.5368   1.4015
7.3451   3.5431   1.4067
7.379   3.549   1.4116
7.4131   3.5543   1.4158
7.4473   3.5598   1.4206
7.4817   3.5657   1.4259
7.5162   3.5712   1.4309
7.5509   3.5765   1.4356
7.5858   3.5821   1.4408
7.6208   3.588   1.4461
7.656   3.5947   1.451
7.6913   3.6017   1.4558
7.7268   3.6091   1.458
7.7625   3.6163   1.4601
7.7983   3.6205   1.4617
7.8343   3.6245   1.4639
7.8705   3.6271   1.4692
7.9068   3.6306   1.4755
7.9433   3.6365   1.4846
7.9799   3.6439   1.4919
8.0168   3.6533   1.4967
8.0538   3.6618   1.4998
8.091   3.6692   1.5014
8.1283   3.6763   1.505
8.1658   3.6831   1.5097
8.2035   3.6912   1.5137
8.2414   3.6997   1.5174
8.2794   3.7078   1.518
8.3176   3.7157   1.518
8.356   3.7211   1.519
8.3946   3.7263   1.5202
8.4333   3.7311   1.5234
8.4723   3.7362   1.5271
8.5114   3.7425   1.5329
8.5507   3.7498   1.5383
8.5901   3.7595   1.5425
8.6298   3.769   1.5452
8.6696   3.7784   1.5457
8.7096   3.7869   1.5463
8.7498   3.7944   1.5468
8.7902   3.8014   1.5467
8.8308   3.8083   1.5461
8.8716   3.814   1.5464
8.9125   3.8193   1.5469
8.9536   3.8255   1.5511
8.995   3.8318   1.5559
9.0365   3.8414   1.5565
9.0782   3.8507   1.5568
9.1201   3.8575   1.5553
9.1622   3.8641   1.5544
9.2045   3.87   1.5566
9.247   3.8771   1.559
9.2897   3.8866   1.5622
9.3325   3.8961   1.5612
9.3756   3.9057   1.5549
9.4189   3.9115   1.55
9.4624   3.9141   1.5462
9.506   3.9182   1.5478
9.5499   3.9229   1.552
9.594   3.9309   1.551
9.6383   3.9398   1.5483
9.6828   3.9442   1.5434
9.7275   3.948   1.5381
9.7724   3.9511   1.5417
9.8175   3.9547   1.5447
9.8628   3.9616   1.5415
9.9083   3.9676   1.5382
9.9541   3.9702   1.5345
10.0   3.9731   1.5327
10.046   3.9763   1.5349
10.093   3.9808   1.5355
10.139   3.9865   1.5345
10.186   3.991   1.5311
10.233   3.9947   1.5259
10.28   3.9963   1.5233
10.328   3.9969   1.5223
10.375   3.9986   1.5224
10.423   4.0007   1.5229
10.471   4.0015   1.5184
10.52   4.002   1.513
10.568   3.9982   1.5151
10.617   3.9951   1.5181
10.666   3.9956   1.5257
10.715   3.9972   1.5315
10.765   4.0012   1.5329
10.814   4.0048   1.5343
10.864   4.0076   1.5354
10.914   4.0088   1.536
10.965   4.0083   1.536
11.015   4.0074   1.5394
11.066   4.0063   1.5462
11.117   4.009   1.5547
11.169   4.0131   1.564
11.22   4.018   1.5672
11.272   4.0232   1.5688
11.324   4.0284   1.5759
11.376   4.0339   1.5834
11.429   4.0418   1.5865
11.482   4.0495   1.5892
11.535   4.0564   1.5903
11.588   4.0626   1.5912
11.641   4.0675   1.5916
11.695   4.0724   1.5923
11.749   4.0772   1.5934
11.803   4.0809   1.5938
11.858   4.0831   1.5932
11.912   4.086   1.5976
11.967   4.0892   1.6052
12.023   4.0958   1.6086
12.078   4.1034   1.6106
12.134   4.1103   1.611
12.19   4.117   1.611
12.246   4.1221   1.611
12.303   4.1273   1.611
12.359   4.133   1.6105
12.417   4.138   1.609
12.474   4.138   1.6007
12.531   4.1372   1.5955
12.589   4.1331   1.603
12.647   4.1303   1.6065
12.706   4.1289   1.6056
12.764   4.1262   1.6103
12.823   4.1219   1.6232
12.882   4.123   1.6367
12.942   4.1284   1.6508
13.002   4.1365   1.6611
13.062   4.1457   1.6698
13.122   4.157   1.6801
13.183   4.1686   1.6907
13.243   4.1836   1.693
13.305   4.1989   1.694
13.366   4.2107   1.694
13.428   4.2225   1.6935
13.49   4.2349   1.6896
13.552   4.245   1.6839
13.614   4.2508   1.675
13.677   4.2547   1.6695
13.74   4.2563   1.6685
13.804   4.257   1.666
13.868   4.257   1.6623
13.932   4.2573   1.6659
13.996   4.2579   1.6734
14.06   4.2622   1.6758
14.125   4.2676   1.6769
14.191   4.2731   1.6826
14.256   4.2787   1.6886
14.322   4.2878   1.688
14.388   4.2965   1.6866
14.454   4.3006   1.683
14.521   4.3045   1.6803
14.588   4.3073   1.682
14.655   4.3104   1.6826
14.723   4.314   1.6816
14.791   4.3165   1.681
14.859   4.3175   1.681
14.928   4.3186   1.6833
14.997   4.3196   1.6876
15.066   4.3221   1.6915
15.136   4.3253   1.6952
15.205   4.3299   1.7007
15.276   4.3347   1.7066
15.346   4.3426   1.7094
15.417   4.3507   1.7119
15.488   4.3573   1.7094
15.56   4.3633   1.7069
15.631   4.3659   1.7064
15.704   4.3682   1.7057
15.776   4.3692   1.7042
15.849   4.3697   1.7037
15.922   4.3686   1.7065
15.996   4.3688   1.7121
16.069   4.3703   1.7205
16.144   4.3729   1.7256
16.218   4.3761   1.7282
16.293   4.38   1.7362
16.368   4.3843   1.7464
16.444   4.3931   1.7523
16.52   4.4027   1.7573
16.596   4.412   1.758
16.672   4.4212   1.7579
16.749   4.4263   1.7553
16.827   4.4311   1.753
16.904   4.4328   1.7536
16.982   4.434   1.7545
17.061   4.434   1.756
17.14   4.4346   1.761
17.219   4.4362   1.7715
17.298   4.4416   1.7806
17.378   4.4512   1.788
17.458   4.4605   1.7916
17.539   4.4696   1.7927
17.62   4.4765   1.7937
17.701   4.4826   1.7948
17.783   4.4882   1.7975
17.865   4.4937   1.8008
17.947   4.4998   1.8025
18.03   4.506   1.804
18.113   4.5128   1.8087
18.197   4.5198   1.813
18.281   4.5287   1.813
18.365   4.5371   1.8132
18.45   4.544   1.8137
18.535   4.5507   1.814
18.621   4.5573   1.814
18.707   4.5633   1.8124
18.793   4.5687   1.8086
18.88   4.5738   1.8083
18.967   4.5787   1.8104
19.055   4.5827   1.8072
19.143   4.5863   1.802
19.231   4.587   1.8023
19.32   4.587   1.8038
19.409   4.5889   1.8054
19.498   4.591   1.807
19.588   4.591   1.8065
19.679   4.5912   1.8069
19.77   4.5928   1.816
19.861   4.5955   1.8234
19.953   4.602   1.825
20.045   4.6068   1.8256
20.137   4.609   1.8245
20.23   4.6094   1.8262
20.324   4.6084   1.8304
20.417   4.6083   1.8362
20.512   4.6088   1.843
20.606   4.6116   1.8513
20.701   4.6153   1.8603
20.797   4.6216   1.8693
20.893   4.6285   1.8783
20.989   4.6375   1.885
21.086   4.6466   1.8912
21.184   4.6564   1.895
21.281   4.6659   1.8982
21.38   4.6747   1.8993
21.478   4.6829   1.9
21.577   4.6897   1.9
21.677   4.696   1.9
21.777   4.7012   1.9
21.878   4.706   1.9005
21.979   4.7103   1.9016
22.08   4.7136   1.9033
22.182   4.7163   1.9054
22.284   4.7197   1.9087
22.387   4.7235   1.9125
22.491   4.7276   1.9171
22.594   4.7318   1.9217
22.699   4.7364   1.9264
22.803   4.7412   1.9312
22.909   4.7479   1.9362
23.014   4.7545   1.9409
23.121   4.7611   1.945
23.227   4.7679   1.9488
23.335   4.7754   1.952
23.442   4.7828   1.9553
23.55   4.7898   1.9585
23.659   4.7964   1.9611
23.768   4.8026   1.9632
23.878   4.8089   1.9653
23.988   4.8152   1.9674
24.099   4.8215   1.9695
24.21   4.8279   1.9716
24.322   4.8338   1.9742
24.434   4.8397   1.9769
24.547   4.8456   1.979
24.66   4.8515   1.9812
24.774   4.8572   1.9833
24.889   4.8629   1.9854
25.003   4.8684   1.9882
25.119   4.874   1.9909
25.235   4.8798   1.9935
25.351   4.8853   1.9962
25.468   4.8907   1.9988
25.586   4.896   2.0015
25.704   4.9014   2.0042
25.823   4.907   2.0072
25.942   4.9127   2.0103
26.062   4.9184   2.0134
26.182   4.9241   2.0165
26.303   4.9301   2.0203
26.424   4.9362   2.0241
26.546   4.9428   2.0272
26.669   4.9495   2.0302
26.792   4.9565   2.0334
26.915   4.9635   2.0366
27.04   4.9711   2.0393
27.164   4.9784   2.0416
27.29   4.9852   2.0431
27.416   4.9918   2.0447
27.542   4.9981   2.0463
27.669   5.0042   2.0479
27.797   5.01   2.0495
27.925   5.0156   2.0514
28.054   5.0209   2.0536
28.184   5.0257   2.0561
28.314   5.0304   2.0587
28.445   5.0363   2.0619
28.576   5.0422   2.0651
28.708   5.0475   2.0683
28.84   5.0529   2.0716
28.973   5.0591   2.0757
29.107   5.0654   2.0798
29.242   5.0724   2.0835
29.376   5.0795   2.0873
29.512   5.0868   2.0909
29.648   5.0945   2.0944
29.785   5.1027   2.0977
29.923   5.1108   2.1003
30.061   5.1187   2.1024
30.2   5.1265   2.1037
30.339   5.1343   2.1048
30.479   5.1419   2.1058
30.62   5.1494   2.1069
30.761   5.1563   2.108
30.903   5.1631   2.109
31.046   5.1689   2.1101
31.189   5.1748   2.1113
31.333   5.1813   2.1134
31.477   5.1878   2.1156
31.623   5.1948   2.1177
31.769   5.2019   2.1194
31.915   5.2093   2.1205
32.063   5.2164   2.1213
32.211   5.2233   2.1218
32.359   5.2298   2.1223
32.509   5.2362   2.1229
32.659   5.2418   2.123
32.81   5.247   2.123
32.961   5.2519   2.1234
33.113   5.2568   2.124
33.266   5.2615   2.1255
33.42   5.2663   2.1271
33.574   5.2717   2.1293
33.729   5.277   2.1314
33.884   5.2822   2.1335
34.041   5.2874   2.1353
34.198   5.2928   2.1364
34.356   5.298   2.1377
34.514   5.3027   2.1392
34.674   5.3072   2.1414
34.834   5.3113   2.1439
34.995   5.3155   2.1469
35.156   5.3198   2.1501
35.318   5.3248   2.1541
35.481   5.3301   2.1583
35.645   5.3367   2.1625
35.81   5.3436   2.1667
35.975   5.3515   2.1695
36.141   5.3595   2.1721
36.308   5.3668   2.1737
36.475   5.374   2.1751
36.644   5.3805   2.1756
36.813   5.3867   2.1763
36.983   5.392   2.1774
37.154   5.3972   2.1789
37.325   5.4024   2.181
37.497   5.4077   2.1834
37.67   5.4131   2.1861
37.844   5.4192   2.1884
38.019   5.4255   2.1905
38.194   5.4314   2.1922
38.371   5.4371   2.1937
38.548   5.4429   2.1953
38.726   5.4489   2.197
38.905   5.4541   2.1991
39.084   5.4595   2.2012
39.264   5.4653   2.2039
39.446   5.4712   2.2065
39.628   5.4771   2.2092
39.811   5.4833   2.2115
39.994   5.4901   2.2131
40.179   5.4965   2.2142
40.365   5.5023   2.2148
40.551   5.5073   2.2153
40.738   5.5116   2.2158
40.926   5.5155   2.2174
41.115   5.5191   2.2195
41.305   5.5228   2.2224
41.495   5.5265   2.2256
41.687   5.5312   2.2297
41.879   5.536   2.234
42.073   5.5417   2.2377
42.267   5.5475   2.2413
42.462   5.5539   2.245
42.658   5.5603   2.2485
42.855   5.5673   2.2512
43.053   5.574   2.2537
43.251   5.5805   2.2558
43.451   5.5866   2.258
43.652   5.5924   2.2601
43.853   5.598   2.2619
44.055   5.6033   2.2635
44.259   5.6082   2.2651
44.463   5.6129   2.2666
44.668   5.6168   2.2694
44.875   5.6205   2.2726
45.082   5.6252   2.2772
45.29   5.63   2.282
45.499   5.6359   2.2874
45.709   5.642   2.2926
45.92   5.6494   2.2968
46.132   5.657   2.3006
46.345   5.6653   2.3032
46.559   5.6734   2.3055
46.774   5.6809   2.3071
46.989   5.6877   2.3085
47.206   5.6935   2.3095
47.424   5.6987   2.3106
47.643   5.7035   2.3117
47.863   5.7079   2.3142
48.084   5.7121   2.3173
48.306   5.7176   2.3218
48.529   5.7234   2.3265
48.753   5.7308   2.3304
48.978   5.7383   2.3341
49.204   5.7456   2.3356
49.431   5.7527   2.337
49.659   5.758   2.337
49.888   5.7631   2.3375
50.119   5.7673   2.3396
50.35   5.7715   2.3423
50.582   5.7757   2.346
50.816   5.7804   2.3499
51.05   5.7857   2.3542
51.286   5.7914   2.3579
51.523   5.7973   2.3611
51.761   5.8032   2.3643
52.0   5.809   2.3675
52.24   5.8152   2.3706
52.481   5.8215   2.3737
52.723   5.8273   2.3769
52.966   5.8332   2.3801
53.211   5.839   2.3822
53.456   5.8447   2.3845
53.703   5.8494   2.3876
53.951   5.8542   2.391
54.2   5.8589   2.3953
54.45   5.8643   2.3995
54.702   5.8707   2.4038
54.954   5.8771   2.4073
55.208   5.8835   2.4099
55.463   5.8892   2.4123
55.719   5.8945   2.4144
55.976   5.8987   2.4177
56.234   5.9023   2.4213
56.494   5.9069   2.4272
56.754   5.9117   2.4336
57.016   5.9189   2.4399
57.28   5.9263   2.4461
57.544   5.9355   2.4499
57.81   5.9444   2.4532
58.076   5.9517   2.4542
58.345   5.9585   2.4553
58.614   5.9638   2.4564
58.884   5.9684   2.4586
59.156   5.9722   2.4629
59.429   5.9772   2.468
59.704   5.9836   2.4738
59.979   5.9909   2.4773
60.256   5.9989   2.4794
60.534   6.0037   2.48
60.813   6.0074   2.48
61.094   6.0093   2.4835
61.376   6.0109   2.4878
61.66   6.0141   2.4967
61.944   6.0176   2.5057
62.23   6.0245   2.5136
62.517   6.0317   2.5215
62.806   6.0401   2.5288
63.096   6.049   2.5359
63.387   6.059   2.5422
63.68   6.0696   2.5471
63.973   6.0808   2.5498
64.269   6.09   2.5501
64.565   6.0974   2.5486
64.863   6.1017   2.549
65.163   6.1043   2.5506
65.464   6.1074   2.5569
65.766   6.1105   2.5648
66.069   6.1178   2.5742
66.374   6.1259   2.5838
66.681   6.1379   2.5902
66.988   6.15   2.5959
67.298   6.161   2.5949
67.608   6.171   2.5936
67.92   6.1764   2.5914
68.234   6.1807   2.5912
68.549   6.1828   2.5949
68.865   6.1858   2.5995
69.183   6.19   2.6053
69.502   6.1949   2.6117
69.823   6.2002   2.6187
70.146   6.2073   2.626
70.469   6.2153   2.6334
70.795   6.224   2.6391
71.121   6.2329   2.6444
71.45   6.2406   2.6473
71.779   6.248   2.65
72.111   6.2548   2.6558
72.444   6.2619   2.6616
72.778   6.2704   2.668
73.114   6.2789   2.6735
73.451   6.2873   2.6756
73.79   6.2951   2.6786
74.131   6.3015   2.6834
74.473   6.3088   2.6888
74.817   6.3172   2.6952
75.162   6.3257   2.6992
75.509   6.3343   2.7013
75.858   6.341   2.7045
76.208   6.3468   2.7082
76.56   6.353   2.7136
76.913   6.3593   2.7194
77.268   6.3648   2.7238
77.625   6.3701   2.7281
77.983   6.3764   2.7392
78.343   6.384   2.7506
78.705   6.4005   2.7645
79.068   6.4172   2.7738
79.433   6.4347   2.7691
79.799   6.4477   2.7634
80.168   6.4524   2.756
80.538   6.4543   2.7542
80.91   6.4527   2.7589
81.283   6.4554   2.7692
81.658   6.4613   2.7837
82.035   6.4719   2.7939
82.414   6.4845   2.8023
82.794   6.4972   2.807
83.176   6.5099   2.8107
83.56   6.5222   2.8154
83.946   6.5347   2.8201
84.333   6.5504   2.8233
84.723   6.5654   2.8247
85.114   6.576   2.8152
85.507   6.5835   2.8066
85.901   6.5813   2.8007
86.298   6.5804   2.8027
86.696   6.5815   2.8181
87.096   6.5877   2.8294
87.498   6.5993   2.8362
87.902   6.6094   2.8396
88.308   6.6183   2.8407
88.716   6.6255   2.8455
89.125   6.6318   2.8518
89.536   6.6429   2.8604
89.95   6.6551   2.8693
90.365   6.6674   2.8685
90.782   6.6794   2.867
91.201   6.6863   2.8676
91.622   6.6932   2.8687
92.045   6.7001   2.873
92.47   6.7072   2.8767
92.897   6.7151   2.8794
93.325   6.7231   2.882
93.756   6.7311   2.8847
94.189   6.7377   2.8868
94.624   6.743   2.8884
95.06   6.7486   2.8936
95.499   6.7544   2.901
95.94   6.7633   2.9072
96.383   6.7733   2.913
96.828   6.782   2.9144
97.275   6.7905   2.915
97.724   6.7955   2.9175
98.175   6.8003   2.9205
98.628   6.8056   2.929
99.083   6.8119   2.9375
99.541   6.8224   2.946
100.0   6.833   2.9525
100.46   6.8436   2.9541
100.93   6.852   2.9573
101.39   6.8582   2.9619
101.86   6.8662   2.9692
102.33   6.8756   2.9786
102.8   6.8867   2.9844
103.28   6.8988   2.988
103.75   6.9091   2.9906
104.23   6.9186   2.9927
104.71   6.9297   2.999
105.2   6.9409   3.0059
105.68   6.9528   3.0049
106.17   6.9638   3.0041
106.66   6.9692   3.0046
107.15   6.9749   3.0058
107.65   6.9837   3.0129
108.14   6.9922   3.0177
108.64   7.0   3.0166
109.14   7.0064   3.0189
109.65   7.0115   3.025
110.15   7.0182   3.0317
110.66   7.0267   3.039
111.17   7.0372   3.0462
111.69   7.0485   3.0534
112.2   7.0587   3.0542
112.72   7.0685   3.0532
113.24   7.0749   3.0565
113.76   7.0806   3.0607
114.29   7.0878   3.0674
114.82   7.0953   3.0742
115.35   7.1048   3.08
115.88   7.1145   3.0859
116.41   7.1247   3.0917
116.95   7.1358   3.098
117.49   7.1493   3.105
118.03   7.1617   3.1078
118.58   7.1726   3.1051
119.12   7.1803   3.1064
119.67   7.1857   3.1104
120.23   7.1932   3.1156
120.78   7.2021   3.1217
121.34   7.2112   3.127
121.9   7.2204   3.1321
122.46   7.2317   3.1376
123.03   7.2436   3.1432
123.59   7.2565   3.1473
124.17   7.269   3.1505
124.74   7.2773   3.1458
125.31   7.2849   3.1431
125.89   7.2897   3.1489
126.47   7.2954   3.1544
127.06   7.3033   3.1592
127.64   7.3104   3.1633
128.23   7.3163   3.1665
128.82   7.3231   3.1745
129.42   7.3307   3.1864
130.02   7.3429   3.1957
130.62   7.357   3.2039
131.22   7.3703   3.2076
131.83   7.3834   3.2106
132.43   7.3986   3.2144
133.05   7.4136   3.2175
133.66   7.4218   3.2108
134.28   7.4293   3.2054
134.9   7.4319   3.2091
135.52   7.4353   3.214
136.14   7.4421   3.2242
136.77   7.4512   3.2337
137.4   7.4633   3.2421
138.04   7.4755   3.2471
138.68   7.4877   3.2493
139.32   7.4981   3.2516
139.96   7.5075   3.2541
140.6   7.5168   3.257
141.25   7.5259   3.2603
141.91   7.5348   3.264
142.56   7.5435   3.2678
143.22   7.5521   3.2718
143.88   7.5607   3.2759
144.54   7.5701   3.2808
145.21   7.5795   3.2859
145.88   7.5882   3.291
146.55   7.5972   3.2962
147.23   7.6065   3.3014
147.91   7.6163   3.3068
148.59   7.6272   3.3125
149.28   7.6376   3.3179
149.97   7.6476   3.3232
150.66   7.6576   3.3283
151.36   7.6675   3.3333
152.05   7.678   3.3382
152.76   7.6888   3.343
153.46   7.6997   3.3479
154.17   7.7105   3.3528
154.88   7.7212   3.3574
155.6   7.7319   3.362
156.31   7.7436   3.367
157.04   7.7551   3.3719
157.76   7.7659   3.3765
158.49   7.7769   3.3812
159.22   7.7878   3.3859
159.96   7.7989   3.3905
160.69   7.8099   3.3947
161.44   7.8213   3.3989
162.18   7.833   3.4032
162.93   7.8451   3.4075
163.68   7.8574   3.4118
164.44   7.8698   3.4157
165.2   7.8823   3.4195
165.96   7.8941   3.4231
166.72   7.9059   3.4267
167.49   7.9184   3.4295
168.27   7.931   3.4322
169.04   7.943   3.4343
169.82   7.9547   3.4362
170.61   7.9657   3.4378
171.4   7.9766   3.4391
172.19   7.9872   3.4397
172.98   7.9974   3.4404
173.78   8.007   3.4414
174.58   8.0161   3.4428
175.39   8.0247   3.4444
176.2   8.0327   3.4463
177.01   8.0402   3.4485
177.83   8.0471   3.4518
178.65   8.0538   3.4553
179.47   8.0613   3.4605
180.3   8.069   3.466
181.13   8.0763   3.4733
181.97   8.0838   3.4807
182.81   8.0933   3.4885
183.65   8.103   3.4965
184.5   8.1142   3.505
185.35   8.1258   3.5134
186.21   8.1387   3.5214
187.07   8.1522   3.5292
187.93   8.1668   3.5368
188.8   8.1815   3.5429
189.67   8.1964   3.5481
190.55   8.2123   3.5524
191.43   8.2287   3.5562
192.31   8.2437   3.5583
193.2   8.2583   3.5598
194.09   8.2721   3.5609
194.98   8.2858   3.562
195.88   8.2985   3.5625
196.79   8.3111   3.5631
197.7   8.3223   3.5636
198.61   8.3335   3.5644
199.53   8.3443   3.566
200.45   8.3549   3.5678
201.37   8.3652   3.5698
202.3   8.3757   3.5724
203.24   8.3867   3.5757
204.17   8.3977   3.5789
205.12   8.4087   3.5821
206.06   8.4201   3.5852
207.01   8.4317   3.5884
207.97   8.4439   3.5911
208.93   8.4561   3.5938
209.89   8.4674   3.5964
210.86   8.4786   3.5989
211.84   8.491   3.6
212.81   8.5033   3.6012
213.8   8.5148   3.6028
214.78   8.5258   3.6043
215.77   8.5358   3.6053
216.77   8.5457   3.6066
217.77   8.5557   3.6082
218.78   8.5653   3.6103
219.79   8.5743   3.6129
220.8   8.5837   3.6159
221.82   8.5934   3.6191
222.84   8.6031   3.6226
223.87   8.6128   3.6262
224.91   8.6239   3.6304
225.94   8.6354   3.6348
226.99   8.6464   3.6385
228.03   8.6574   3.6421
229.09   8.6695   3.6453
230.14   8.6815   3.6483
231.21   8.6927   3.6504
232.27   8.7037   3.6524
233.35   8.7145   3.654
234.42   8.7248   3.6558
235.5   8.7346   3.6579
236.59   8.7442   3.6602
237.68   8.7535   3.663
238.78   8.7629   3.6666
239.88   8.7723   3.6708
240.99   8.7818   3.6758
242.1   8.7913   3.6811
243.22   8.8027   3.6873
244.34   8.8144   3.6937
245.47   8.8267   3.6994
246.6   8.8391   3.705
247.74   8.8543   3.7094
248.89   8.8694   3.7134
250.03   8.884   3.716
251.19   8.8984   3.7181
252.35   8.9121   3.7187
253.51   8.9253   3.7186
254.68   8.9376   3.7176
255.86   8.9491   3.7167
257.04   8.9598   3.7162
258.23   8.9696   3.7163
259.42   8.9788   3.7169
260.62   8.9874   3.719
261.82   8.9957   3.7216
263.03   9.0051   3.7251
264.24   9.0145   3.7288
265.46   9.0246   3.7325
266.69   9.0348   3.7363
267.92   9.046   3.7406
269.15   9.0573   3.7446
270.4   9.0687   3.7477
271.64   9.0802   3.7506
272.9   9.0916   3.7528
274.16   9.1027   3.7549
275.42   9.1132   3.757
276.69   9.1235   3.7595
277.97   9.1336   3.7621
279.25   9.1432   3.7651
280.54   9.1524   3.7681
281.84   9.1628   3.7721
283.14   9.1737   3.7765
284.45   9.1847   3.7811
285.76   9.1957   3.7859
287.08   9.2073   3.7901
288.4   9.219   3.7942
289.73   9.2312   3.7974
291.07   9.2434   3.8004
292.42   9.2553   3.8025
293.76   9.2671   3.8044
295.12   9.2785   3.8061
296.48   9.2893   3.8079
297.85   9.2993   3.81
299.23   9.309   3.8127
300.61   9.3186   3.8159
302.0   9.3282   3.8194
303.39   9.3379   3.8232
304.79   9.3477   3.8276
306.2   9.3576   3.8323
307.61   9.368   3.837
309.03   9.3785   3.8418
310.46   9.3895   3.8467
311.89   9.4004   3.8517
313.33   9.4112   3.8568
314.77   9.4222   3.862
316.23   9.4341   3.8674
317.69   9.4458   3.8729
319.15   9.4574   3.8787
320.63   9.4694   3.8847
322.11   9.4821   3.891
323.59   9.4957   3.8974
325.09   9.5101   3.9038
326.59   9.5253   3.9095
328.1   9.5409   3.9149
329.61   9.557   3.9189
331.13   9.5732   3.9226
332.66   9.5891   3.9249
334.2   9.6049   3.927
335.74   9.6199   3.9281
337.29   9.6346   3.9291
338.84   9.6476   3.9302
340.41   9.6607   3.9313
341.98   9.6742   3.9329
343.56   9.6877   3.9346
345.14   9.7009   3.9361
346.74   9.7142   3.9377
348.34   9.7275   3.9393
349.95   9.741   3.9409
351.56   9.7545   3.9425
353.18   9.7678   3.9441
354.81   9.7809   3.9456
356.45   9.7945   3.9472
358.1   9.8083   3.9488
359.75   9.8222   3.9499
361.41   9.8361   3.951
363.08   9.8517   3.9521
364.75   9.8673   3.9529
366.44   9.8826   3.9524
368.13   9.898   3.9512
369.83   9.914   3.948
371.54   9.9288   3.9437
373.25   9.9418   3.9374
374.97   9.9536   3.9311
376.7   9.9639   3.9246
378.44   9.9718   3.9182
380.19   9.9782   3.9118
381.94   9.983   3.907
383.71   9.9873   3.9027
385.48   9.9897   3.9007
387.26   9.9918   3.8991
389.05   9.9935   3.9009
390.84   9.995   3.9031
392.64   9.9972   3.9079
394.46   9.9998   3.9131
396.28   10.006   3.9206
398.11   10.011   3.9285
399.94   10.017   3.9374
401.79   10.022   3.9464
403.65   10.027   3.9554
405.51   10.038   3.9642
407.38   10.054   3.9727
409.26   10.066   3.9799
411.15   10.077   3.9862
413.05   10.088   3.9914
414.95   10.098   3.9961
416.87   10.109   4.0009
418.79   10.119   4.0057
420.73   10.13   4.0114
422.67   10.14   4.0172
424.62   10.151   4.0241
426.58   10.162   4.0309
428.55   10.172   4.0373
430.53   10.183   4.0437
432.51   10.194   4.0502
434.51   10.206   4.0564
436.52   10.222   4.0622
438.53   10.235   4.0683
440.55   10.246   4.0747
442.59   10.257   4.0813
444.63   10.267   4.0881
446.68   10.281   4.095
448.75   10.297   4.1018
450.82   10.313   4.1083
452.9   10.329   4.1147
454.99   10.34   4.1206
457.09   10.351   4.1264
459.2   10.367   4.1312
461.32   10.383   4.1359
463.45   10.399   4.1407
465.59   10.415   4.1452
467.74   10.431   4.1488
469.89   10.447   4.1525
472.06   10.462   4.1562
474.24   10.478   4.1597
476.43   10.494   4.1629
478.63   10.507   4.166
480.84   10.517   4.1692
483.06   10.532   4.172
485.29   10.548   4.1746
487.53   10.564   4.1768
489.78   10.58   4.179
492.04   10.596   4.1811
494.31   10.611   4.1831
496.59   10.627   4.1847
498.88   10.642   4.1863
501.19   10.653   4.1879
503.5   10.665   4.1895
505.82   10.681   4.1911
508.16   10.694   4.1924
510.5   10.705   4.1935
512.86   10.719   4.1949
515.23   10.735   4.1965
517.61   10.747   4.1977
520.0   10.757   4.1987
522.4   10.772   4.1998
524.81   10.788   4.2009
527.23   10.799   4.2019
529.66   10.81   4.203
532.11   10.826   4.204
534.56   10.841   4.2052
537.03   10.852   4.2067
539.51   10.862   4.2082
542.0   10.873   4.2093
544.5   10.885   4.2105
547.02   10.901   4.2121
549.54   10.915   4.2135
552.08   10.925   4.2145
554.63   10.936   4.2159
557.19   10.947   4.2175
559.76   10.957   4.2191
562.34   10.968   4.2207
564.94   10.983   4.2227
567.54   10.998   4.2248
570.16   11.009   4.2264
572.8   11.02   4.228
575.44   11.031   4.2301
578.1   11.041   4.2322
580.76   11.052   4.2344
583.45   11.063   4.2366
586.14   11.073   4.2393
588.84   11.084   4.2417
591.56   11.094   4.2439
594.29   11.105   4.2462
597.04   11.116   4.2489
599.79   11.129   4.2515
602.56   11.145   4.2542
605.34   11.157   4.2572
608.13   11.168   4.2604
610.94   11.178   4.2635
613.76   11.189   4.2667
616.6   11.2   4.2694
619.44   11.21   4.2721
622.3   11.221   4.2758
625.17   11.231   4.2794
628.06   11.242   4.2826
630.96   11.253   4.286
633.87   11.263   4.2897
636.8   11.276   4.2934
639.73   11.292   4.297
642.69   11.305   4.3007
645.65   11.316   4.3044
648.63   11.326   4.3085
651.63   11.337   4.3128
654.64   11.348   4.317
657.66   11.358   4.3212
660.69   11.369   4.3255
663.74   11.379   4.3298
666.81   11.395   4.3345
669.88   11.411   4.3393
672.98   11.421   4.3435
676.08   11.432   4.3477
679.2   11.442   4.3525
682.34   11.454   4.3573
685.49   11.47   4.3621
688.65   11.484   4.3669
691.83   11.495   4.3717
695.02   11.505   4.3764
698.23   11.516   4.3811
701.46   11.53   4.3859
704.69   11.546   4.3907
707.95   11.558   4.3955
711.21   11.568   4.4003
714.5   11.583   4.405
717.79   11.599   4.4097
721.11   11.615   4.4145
724.44   11.631   4.4193
727.78   11.641   4.4241
731.14   11.653   4.4288
734.51   11.669   4.433
737.9   11.685   4.4374
741.31   11.7   4.4421
744.73   11.714   4.4469
748.17   11.725   4.4517
751.62   11.738   4.4562
755.09   11.754   4.4604
758.58   11.77   4.4646
762.08   11.786   4.4689
765.6   11.798   4.4736
769.13   11.809   4.4784
772.68   11.824   4.4822
776.25   11.839   4.4858
779.83   11.855   4.4901
783.43   11.871   4.4943
787.05   11.887   4.498
790.68   11.903   4.5018
794.33   11.919   4.506
797.99   11.935   4.51
801.68   11.951   4.5132
805.38   11.967   4.5166
809.1   11.983   4.5203
812.83   11.999   4.5237
816.58   12.014   4.5269
820.35   12.03   4.53
824.14   12.046   4.5332
827.94   12.062   4.536
831.76   12.078   4.5386
835.6   12.094   4.5413
839.46   12.11   4.544
843.33   12.126   4.5466
847.23   12.142   4.5492
851.14   12.158   4.5513
855.07   12.173   4.5535
859.01   12.189   4.5556
862.98   12.203   4.5575
866.96   12.214   4.5591
870.96   12.227   4.5609
874.98   12.243   4.563
879.02   12.259   4.5649
883.08   12.274   4.5664
887.16   12.29   4.5677
891.25   12.306   4.5688
895.36   12.322   4.5702
899.5   12.338   4.5718
903.65   12.354   4.5729
907.82   12.37   4.574
912.01   12.386   4.5751
916.22   12.401   4.5762
920.45   12.412   4.5778
924.7   12.424   4.5792
928.97   12.44   4.5803
933.25   12.455   4.5814
937.56   12.471   4.5824
941.89   12.487   4.5835
946.24   12.503   4.5845
950.6   12.516   4.5856
954.99   12.527   4.5867
959.4   12.541   4.5877
963.83   12.557   4.5888
968.28   12.573   4.5898
972.75   12.588   4.5909
977.24   12.6   4.592
981.75   12.61   4.593
986.28   12.626   4.5941
990.83   12.642   4.5951
995.41   12.658   4.5962
1000.0   12.672   4.5972
1041.4   12.796   4.6066
1096.4   12.958   4.6185
1154.2   13.121   4.6304
1215.1   13.287   4.6424
1279.2   13.454   4.6544
1346.7   13.624   4.6664
1417.7   13.796   4.6785
1492.5   13.97   4.6905
1571.2   14.146   4.7026
1654.1   14.325   4.7148
1741.4   14.506   4.727
1833.2   14.689   4.7392
1930.0   14.874   4.7514
2031.8   15.062   4.7637
2138.9   15.252   4.776
2251.8   15.444   4.7883
2370.6   15.639   4.8006
2495.6   15.836   4.813
2627.3   16.036   4.8255
2765.9   16.239   4.8379
2911.8   16.443   4.8504
3065.4   16.651   4.8629
3227.1   16.861   4.8755
3397.3   17.074   4.8881
3576.6   17.289   4.9007
3765.2   17.507   4.9133
3963.9   17.728   4.926
4173.0   17.952   4.9387
4393.1   18.179   4.9515
4624.9   18.408   4.9643
4868.9   18.64   4.9771
5125.7   18.875   4.9899
5396.1   19.114   5.0028
5680.8   19.355   5.0157
5980.4   19.599   5.0287
6295.9   19.846   5.0417
6628.1   20.097   5.0547
6977.7   20.35   5.0677
7345.8   20.607   5.0808
7733.3   20.867   5.0939
8141.3   21.13   5.1071
8570.8   21.397   5.1203
9022.9   21.667   5.1335
9498.9   21.94   5.1467
10000.0   22.217   5.16
