1.66722	 2.43213	 0.00254
3.33444	 2.43237	 0.00543
5.00167	 2.43248	 0.00833
6.66889	 2.43258	 0.01126
8.33611	 2.43266	 0.0142
10.0033	 2.43269	 0.01716
11.6706	 2.43275	 0.0201
13.3378	 2.43275	 0.02306
15.005	 2.4328	 0.02604
16.6722	 2.43278	 0.02904
18.3395	 2.43276	 0.03204
20.0067	 2.43272	 0.03504
21.6739	 2.43262	 0.03805
23.3411	 2.43256	 0.04103
25.0083	 2.43246	 0.044
26.6756	 2.43241	 0.04702
28.3428	 2.43228	 0.05004
30.01	 2.43215	 0.05306
31.6772	 2.432	 0.05607
33.3445	 2.43179	 0.05908
35.0117	 2.43161	 0.06206
36.6789	 2.43137	 0.06504
38.3461	 2.43118	 0.06801
40.0133	 2.43092	 0.07098
41.6806	 2.43068	 0.07392
43.3478	 2.43041	 0.07686
45.015	 2.43011	 0.07977
46.6822	 2.42983	 0.08261
48.3494	 2.42958	 0.08543
50.0167	 2.42942	 0.0883
51.6839	 2.42917	 0.09117
53.3511	 2.42897	 0.09402
55.0183	 2.42876	 0.09687
56.6856	 2.42855	 0.09972
58.3528	 2.42838	 0.10254
60.02	 2.4282	 0.10538
61.6872	 2.4281	 0.10824
63.3545	 2.42795	 0.11114
65.0217	 2.42784	 0.11405
66.6889	 2.42771	 0.11698
68.3561	 2.42757	 0.11993
70.0233	 2.42745	 0.12287
71.6906	 2.42731	 0.12583
73.3578	 2.42725	 0.12884
75.025	 2.42709	 0.13191
76.6922	 2.42696	 0.13498
78.3595	 2.42678	 0.13808
80.0267	 2.42657	 0.1412
81.6939	 2.42635	 0.14431
83.3611	 2.42609	 0.14745
85.0283	 2.42587	 0.1506
86.6956	 2.42553	 0.15378
88.3628	 2.42521	 0.15694
90.03	 2.42483	 0.16011
91.6972	 2.42441	 0.16328
93.3645	 2.42396	 0.16636
95.0317	 2.42356	 0.16941
96.6989	 2.42323	 0.17253
98.3661	 2.42277	 0.17569
100.033	 2.42235	 0.1788
101.701	 2.42187	 0.18193
103.368	 2.42139	 0.18504
105.035	 2.4209	 0.18812
106.702	 2.4204	 0.19119
108.369	 2.41996	 0.19426
110.037	 2.41942	 0.19736
111.704	 2.41896	 0.20042
113.371	 2.41844	 0.20349
115.038	 2.41793	 0.20656
116.706	 2.41742	 0.20959
118.373	 2.41693	 0.21261
120.04	 2.41652	 0.21566
121.707	 2.41603	 0.21876
123.374	 2.4156	 0.22184
125.042	 2.41512	 0.22495
126.709	 2.41466	 0.22806
128.376	 2.41418	 0.23117
130.043	 2.41371	 0.2343
131.711	 2.4133	 0.23744
133.378	 2.41279	 0.24064
135.045	 2.41235	 0.24381
136.712	 2.41184	 0.24704
138.379	 2.41135	 0.25026
140.047	 2.41081	 0.25347
141.714	 2.41032	 0.25666
143.381	 2.4099	 0.25992
145.048	 2.40936	 0.26325
146.716	 2.40889	 0.26656
148.383	 2.40833	 0.26992
150.05	 2.40779	 0.27328
151.717	 2.40721	 0.27665
153.384	 2.40663	 0.28003
155.052	 2.40608	 0.28343
156.719	 2.40543	 0.2869
158.386	 2.40485	 0.29034
160.053	 2.40417	 0.29384
161.721	 2.40351	 0.29733
163.388	 2.4028	 0.30084
165.055	 2.4021	 0.30434
166.722	 2.40144	 0.30787
168.389	 2.40068	 0.31148
170.057	 2.39997	 0.31507
171.724	 2.39914	 0.31872
173.391	 2.39835	 0.32236
175.058	 2.3975	 0.32602
176.726	 2.39664	 0.32969
178.393	 2.39579	 0.33339
180.06	 2.39485	 0.33714
181.727	 2.39395	 0.34089
183.394	 2.39293	 0.34469
185.062	 2.39193	 0.3485
186.729	 2.39083	 0.35228
188.396	 2.38981	 0.35601
190.063	 2.38884	 0.35989
191.731	 2.38777	 0.3638
193.398	 2.38667	 0.36786
195.065	 2.3855	 0.3718
196.732	 2.38428	 0.37598
198.399	 2.38296	 0.38022
200.067	 2.38116	 0.38399
201.734	 2.38101	 0.38829
203.401	 2.37741	 0.39412
205.068	 2.37506	 0.3938
206.736	 2.37943	 0.39923
208.403	 2.37465	 0.40876
210.07	 2.37139	 0.40876
211.737	 2.37401	 0.41603
213.404	 2.36933	 0.42565
215.072	 2.35884	 0.43309
216.739	 2.34847	 0.4257
218.406	 2.3569	 0.4233
220.073	 2.35801	 0.43234
221.741	 2.35687	 0.44133
223.408	 2.34543	 0.4518
225.075	 2.33328	 0.44503
226.742	 2.33808	 0.44162
228.409	 2.33556	 0.4472
230.077	 2.33488	 0.44445
231.744	 2.34007	 0.45271
233.411	 2.33134	 0.46259
235.078	 2.323	 0.46106
236.746	 2.32117	 0.45835
238.413	 2.32409	 0.45993
240.08	 2.32181	 0.46707
241.747	 2.31599	 0.47043
243.414	 2.30913	 0.46904
245.082	 2.31052	 0.46485
246.749	 2.31222	 0.46892
248.416	 2.30958	 0.47038
250.083	 2.30908	 0.47163
251.751	 2.30796	 0.46918
253.418	 2.31882	 0.46982
255.085	 2.32022	 0.4853
256.752	 2.31358	 0.49121
258.419	 2.31059	 0.4967
260.087	 2.30283	 0.50118
261.754	 2.29816	 0.49763
263.421	 2.30222	 0.499
265.088	 2.29884	 0.50656
266.756	 2.29457	 0.5052
268.423	 2.29626	 0.50783
270.09	 2.29394	 0.51051
271.757	 2.29542	 0.51256
273.424	 2.29448	 0.51816
275.092	 2.29369	 0.521
276.759	 2.29306	 0.52822
278.426	 2.28613	 0.53113
280.093	 2.28818	 0.52968
281.761	 2.29104	 0.53884
283.428	 2.28299	 0.54639
285.095	 2.28005	 0.54391
286.762	 2.28375	 0.55136
288.429	 2.27441	 0.55991
290.097	 2.2678	 0.55707
291.764	 2.26809	 0.5557
293.431	 2.27095	 0.55837
295.098	 2.27015	 0.56379
296.766	 2.27008	 0.56651
298.433	 2.27246	 0.57275
300.1	 2.27092	 0.58302
301.767	 2.26455	 0.59057
303.434	 2.25811	 0.59528
305.102	 2.25252	 0.59643
306.769	 2.25124	 0.59837
308.436	 2.24987	 0.60341
310.103	 2.24557	 0.60989
311.771	 2.23961	 0.61268
313.438	 2.23631	 0.61553
315.105	 2.23205	 0.61719
316.772	 2.23223	 0.6204
318.439	 2.22814	 0.62785
320.107	 2.22034	 0.631
321.774	 2.21532	 0.62929
323.441	 2.21681	 0.62892
325.108	 2.21844	 0.63509
326.776	 2.21487	 0.64354
328.443	 2.20781	 0.64749
330.11	 2.20403	 0.64947
331.777	 2.20071	 0.65259
333.444	 2.19821	 0.65611
335.112	 2.19425	 0.66147
336.779	 2.18809	 0.66419
338.446	 2.18594	 0.66457
340.113	 2.18518	 0.67116
341.781	 2.17723	 0.67726
343.448	 2.17107	 0.67619
345.115	 2.17137	 0.67763
346.782	 2.16898	 0.68487
348.449	 2.16116	 0.68893
350.117	 2.15799	 0.68859
351.784	 2.15648	 0.69453
353.451	 2.14905	 0.69934
355.118	 2.14362	 0.69937
356.786	 2.14195	 0.70126
358.453	 2.13933	 0.70562
360.12	 2.13577	 0.71095
361.787	 2.12883	 0.71687
363.454	 2.12059	 0.71689
365.122	 2.11978	 0.71751
366.789	 2.11495	 0.72407
368.456	 2.10746	 0.72481
370.123	 2.10487	 0.72616
371.791	 2.09921	 0.72914
373.458	 2.09694	 0.72736
375.125	 2.09923	 0.73462
376.792	 2.08992	 0.74253
378.459	 2.08366	 0.74334
380.127	 2.07877	 0.74739
381.794	 2.07214	 0.74919
383.461	 2.06822	 0.75163
385.128	 2.06214	 0.75448
386.796	 2.05875	 0.75613
388.463	 2.05375	 0.762
390.13	 2.04517	 0.76536
391.797	 2.03808	 0.76549
393.464	 2.03391	 0.76604
395.132	 2.03011	 0.76962
396.799	 2.0227	 0.77385
398.466	 2.01421	 0.7751
400.133	 2.00734	 0.77298
401.801	 2.00622	 0.77327
403.468	 2.00074	 0.77861
405.135	 1.99217	 0.77953
406.802	 1.9867	 0.77784
408.469	 1.98467	 0.7784
410.137	 1.98026	 0.78276
411.804	 1.9735	 0.78423
413.471	 1.96875	 0.78645
415.138	 1.96177	 0.78826
416.806	 1.95656	 0.78935
418.473	 1.94976	 0.79168
420.14	 1.94265	 0.79163
421.807	 1.93718	 0.79149
423.474	 1.93156	 0.79171
425.142	 1.92736	 0.79137
426.809	 1.92347	 0.79383
428.476	 1.91611	 0.79613
430.143	 1.9096	 0.79478
431.811	 1.90625	 0.7951
433.478	 1.90074	 0.7976
435.145	 1.89397	 0.79754
436.812	 1.89055	 0.79813
438.479	 1.8841	 0.8013
440.147	 1.87708	 0.80124
441.814	 1.87127	 0.80224
443.481	 1.86368	 0.8022
445.148	 1.85869	 0.80019
446.816	 1.85514	 0.80226
448.483	 1.84618	 0.80383
450.15	 1.8396	 0.80024
451.817	 1.83725	 0.79954
453.484	 1.83192	 0.80212
455.152	 1.82439	 0.80145
456.819	 1.8206	 0.7996
458.486	 1.81698	 0.80202
460.153	 1.80951	 0.80343
461.821	 1.80339	 0.80315
463.488	 1.7967	 0.8031
465.155	 1.79159	 0.80162
466.822	 1.78702	 0.80376
468.49	 1.77771	 0.80435
470.157	 1.77134	 0.80085
471.824	 1.76784	 0.79989
473.491	 1.76253	 0.80157
475.158	 1.75502	 0.80148
476.826	 1.74908	 0.80063
478.493	 1.74197	 0.80064
480.16	 1.73477	 0.79832
481.827	 1.72948	 0.7964
483.495	 1.72382	 0.79464
485.162	 1.71948	 0.79306
486.829	 1.7155	 0.79312
488.496	 1.7092	 0.79495
490.163	 1.70082	 0.79377
491.831	 1.69502	 0.79154
493.498	 1.68907	 0.79076
495.165	 1.68256	 0.78908
496.832	 1.67706	 0.78761
498.5	 1.67102	 0.78642
500.167	 1.66527	 0.78539
501.834	 1.65841	 0.78454
503.501	 1.65156	 0.7821
505.168	 1.64673	 0.77961
506.836	 1.64187	 0.78005
508.503	 1.63326	 0.78004
510.17	 1.62534	 0.77648
511.837	 1.6201	 0.77355
513.505	 1.61407	 0.77247
515.172	 1.60724	 0.77096
516.839	 1.59935	 0.76949
518.506	 1.59141	 0.76586
520.173	 1.58448	 0.76256
521.841	 1.57811	 0.75803
523.508	 1.573	 0.75544
525.175	 1.566	 0.75276
526.842	 1.55989	 0.74938
528.51	 1.55319	 0.74711
530.177	 1.54502	 0.74362
531.844	 1.5379	 0.73814
533.511	 1.53298	 0.73371
535.178	 1.52644	 0.73084
536.846	 1.51911	 0.72599
538.513	 1.51318	 0.7208
540.18	 1.5075	 0.71605
541.847	 1.50187	 0.71142
543.515	 1.49628	 0.70722
545.182	 1.48953	 0.70283
546.849	 1.4832	 0.69718
548.516	 1.47753	 0.69142
550.183	 1.47242	 0.68604
551.851	 1.46667	 0.68112
553.518	 1.46048	 0.67521
555.185	 1.45544	 0.66849
556.852	 1.45131	 0.66335
558.52	 1.44486	 0.65851
560.187	 1.43849	 0.65129
561.854	 1.4336	 0.64386
563.521	 1.4291	 0.63651
565.188	 1.42526	 0.62937
566.856	 1.4214	 0.62255
568.523	 1.41779	 0.61575
570.19	 1.41412	 0.6093
571.857	 1.41008	 0.60275
573.525	 1.40616	 0.5957
575.192	 1.40235	 0.58875
576.859	 1.39854	 0.58126
578.526	 1.39505	 0.57384
580.193	 1.39131	 0.56585
581.861	 1.38862	 0.55712
583.528	 1.3869	 0.54918
585.195	 1.38454	 0.54173
586.862	 1.38217	 0.53341
588.529	 1.38103	 0.52501
590.197	 1.37967	 0.51796
591.864	 1.37737	 0.50943
593.531	 1.37721	 0.50097
595.198	 1.37643	 0.49339
596.866	 1.37594	 0.48536
598.533	 1.37568	 0.4776
600.2	 1.37544	 0.46967
601.867	 1.3759	 0.46153
603.534	 1.37702	 0.45429
605.202	 1.37709	 0.44783
606.869	 1.3768	 0.43987
608.536	 1.37792	 0.43201
610.203	 1.37871	 0.42476
611.871	 1.37969	 0.41663
613.538	 1.3819	 0.40903
615.205	 1.38362	 0.40189
616.872	 1.38625	 0.39443
618.539	 1.38894	 0.38836
620.207	 1.39064	 0.38218
621.874	 1.39278	 0.37493
623.541	 1.396	 0.36844
625.208	 1.39888	 0.3624
626.876	 1.40155	 0.35669
628.543	 1.40404	 0.35001
630.21	 1.40802	 0.34393
631.877	 1.41145	 0.33865
633.544	 1.41438	 0.3333
635.212	 1.41743	 0.32663
636.879	 1.42322	 0.32014
638.546	 1.42893	 0.31744
640.213	 1.43075	 0.31425
641.881	 1.43402	 0.30798
643.548	 1.43895	 0.30309
645.215	 1.44357	 0.29841
646.882	 1.44963	 0.29405
648.549	 1.45552	 0.29249
650.217	 1.45833	 0.29076
651.884	 1.46203	 0.28664
653.551	 1.46692	 0.2841
655.218	 1.47084	 0.28152
656.886	 1.47521	 0.27931
658.553	 1.47863	 0.27702
660.22	 1.48292	 0.27391
661.887	 1.48804	 0.27186
663.555	 1.49275	 0.27106
665.222	 1.49576	 0.27031
666.889	 1.49954	 0.26797
668.556	 1.50407	 0.26751
670.223	 1.50654	 0.26697
671.891	 1.50956	 0.26522
673.558	 1.51273	 0.26335
675.225	 1.5179	 0.26143
676.892	 1.52235	 0.26284
678.56	 1.52441	 0.26304
680.227	 1.52666	 0.26259
681.894	 1.52961	 0.26176
683.561	 1.53222	 0.26228
685.228	 1.53344	 0.26176
686.896	 1.53574	 0.26024
688.563	 1.53889	 0.2596
690.23	 1.54111	 0.25996
691.897	 1.54241	 0.25926
693.565	 1.54485	 0.25818
695.232	 1.54686	 0.25815
696.899	 1.54819	 0.25698
698.566	 1.55112	 0.25567
700.233	 1.55365	 0.25626
701.901	 1.55443	 0.25586
703.568	 1.55633	 0.25465
705.235	 1.55836	 0.2539
706.902	 1.56048	 0.25352
708.57	 1.56169	 0.25335
710.237	 1.56274	 0.25188
711.904	 1.56531	 0.25028
713.571	 1.56812	 0.25019
715.238	 1.56946	 0.25096
716.906	 1.56905	 0.25026
718.573	 1.57006	 0.24717
720.24	 1.57358	 0.24507
721.907	 1.57651	 0.2453
723.575	 1.57766	 0.24484
725.242	 1.57969	 0.24355
726.909	 1.58192	 0.24277
728.576	 1.58392	 0.24264
730.243	 1.58472	 0.24164
731.911	 1.58705	 0.23967
733.578	 1.58968	 0.23909
735.245	 1.5918	 0.23834
736.912	 1.594	 0.23814
738.58	 1.59503	 0.23735
740.247	 1.59689	 0.23567
741.914	 1.59933	 0.23391
743.581	 1.6028	 0.2331
745.248	 1.6048	 0.23323
746.916	 1.60663	 0.23179
748.583	 1.60967	 0.23072
750.25	 1.61225	 0.23019
751.917	 1.61507	 0.22963
753.585	 1.61707	 0.22931
755.252	 1.61955	 0.22766
756.919	 1.62324	 0.22702
758.586	 1.62595	 0.22692
760.253	 1.62888	 0.22604
761.921	 1.63257	 0.2257
763.588	 1.636	 0.22635
765.255	 1.6382	 0.22701
766.922	 1.64053	 0.2266
768.59	 1.64333	 0.22632
770.257	 1.64628	 0.22589
771.924	 1.64984	 0.22585
773.591	 1.65285	 0.22679
775.258	 1.6548	 0.22688
776.926	 1.65731	 0.22596
778.593	 1.66127	 0.22492
780.26	 1.66548	 0.22548
781.927	 1.66877	 0.22581
783.595	 1.67272	 0.22597
785.262	 1.67668	 0.22672
786.929	 1.68044	 0.22746
788.596	 1.68444	 0.22827
790.263	 1.68847	 0.2294
791.931	 1.69244	 0.23052
793.598	 1.69677	 0.23186
795.265	 1.70105	 0.23355
796.932	 1.70557	 0.2357
798.6	 1.70942	 0.23819
800.267	 1.71389	 0.2408
801.934	 1.71726	 0.24467
803.601	 1.71958	 0.2473
805.268	 1.7226	 0.24935
806.936	 1.72626	 0.2511
808.603	 1.73124	 0.25436
810.27	 1.73374	 0.259
811.937	 1.73596	 0.26086
813.605	 1.74036	 0.26301
815.272	 1.74504	 0.26665
816.939	 1.74959	 0.27109
818.606	 1.75347	 0.27659
820.273	 1.75664	 0.282
821.941	 1.75978	 0.28774
823.608	 1.76279	 0.29437
825.275	 1.76423	 0.30226
826.942	 1.76385	 0.30941
828.61	 1.7629	 0.31602
830.277	 1.7604	 0.32174
831.944	 1.75827	 0.32526
833.611	 1.7571	 0.32865
835.278	 1.75613	 0.33192
836.946	 1.75491	 0.33459
838.613	 1.75517	 0.33662
840.28	 1.75603	 0.34001
841.947	 1.75619	 0.34399
843.615	 1.75584	 0.34758
845.282	 1.75608	 0.35107
846.949	 1.75602	 0.35567
848.616	 1.75434	 0.35969
850.283	 1.75335	 0.36234
851.951	 1.75307	 0.36552
853.618	 1.75254	 0.36898
855.285	 1.75198	 0.37222
856.952	 1.75186	 0.37619
858.62	 1.75011	 0.38064
860.287	 1.74799	 0.38356
861.954	 1.74615	 0.38579
863.621	 1.74561	 0.38746
865.288	 1.74579	 0.39053
866.956	 1.7449	 0.39435
868.623	 1.74323	 0.39752
870.29	 1.74186	 0.40027
871.957	 1.74012	 0.40282
873.625	 1.73904	 0.40463
875.292	 1.73844	 0.40706
876.959	 1.73753	 0.40965
878.626	 1.73643	 0.41209
880.293	 1.73562	 0.41399
881.961	 1.73562	 0.41634
883.628	 1.73528	 0.41967
885.295	 1.73356	 0.42273
886.962	 1.73252	 0.42414
888.63	 1.73271	 0.42647
890.297	 1.73236	 0.4292
891.964	 1.73226	 0.43179
893.631	 1.73246	 0.43491
895.298	 1.73221	 0.43859
896.966	 1.73143	 0.44225
898.633	 1.73056	 0.44543
900.3	 1.73006	 0.44885
901.967	 1.72922	 0.4525
903.635	 1.72806	 0.45596
905.302	 1.72724	 0.45877
906.969	 1.72745	 0.46227
908.636	 1.72691	 0.467
910.303	 1.72545	 0.47139
911.971	 1.7241	 0.47534
913.638	 1.72289	 0.4794
915.305	 1.72171	 0.48376
916.972	 1.71992	 0.48847
918.64	 1.71786	 0.49237
920.307	 1.71645	 0.49666
921.974	 1.7147	 0.50101
923.641	 1.71319	 0.50598
925.308	 1.71068	 0.51127
926.976	 1.70787	 0.51621
928.643	 1.7046	 0.52105
930.31	 1.70135	 0.52515
931.977	 1.69867	 0.52988
933.645	 1.6949	 0.53462
935.312	 1.69148	 0.53901
936.979	 1.68754	 0.54386
938.646	 1.6829	 0.54793
940.313	 1.67926	 0.55136
941.981	 1.67559	 0.55637
943.648	 1.66998	 0.5606
945.315	 1.66556	 0.56338
946.982	 1.66155	 0.56745
948.65	 1.65635	 0.57122
950.317	 1.65172	 0.57437
951.984	 1.64696	 0.57816
953.651	 1.64159	 0.58142
955.318	 1.63673	 0.58453
956.986	 1.63135	 0.58798
958.653	 1.6257	 0.59089
960.32	 1.62014	 0.59357
961.987	 1.61458	 0.59607
963.655	 1.60914	 0.59857
965.322	 1.6033	 0.60085
966.989	 1.59821	 0.60272
968.656	 1.59276	 0.60566
970.323	 1.58639	 0.6078
971.991	 1.58063	 0.60926
973.658	 1.57508	 0.61104
975.325	 1.56959	 0.61266
976.992	 1.56424	 0.61471
978.66	 1.55834	 0.61697
980.327	 1.55196	 0.61864
981.994	 1.54608	 0.62017
983.661	 1.53974	 0.62189
985.328	 1.53323	 0.6231
986.996	 1.52704	 0.624
988.663	 1.5209	 0.62526
990.33	 1.51443	 0.62611
991.997	 1.50843	 0.62704
993.665	 1.50181	 0.62824
995.332	 1.49508	 0.62859
996.999	 1.48906	 0.62908
998.666	 1.48259	 0.63007
1000.33	 1.47563	 0.63043
1002	 1.46943	 0.63031
1003.67	 1.46371	 0.63081
1005.34	 1.4581	 0.63283
1007	 1.44929	 0.63574
1008.67	 1.4393	 0.63483
1010.34	 1.43223	 0.6332
1012	 1.42495	 0.63336
1013.67	 1.41636	 0.63274
1015.34	 1.40838	 0.63109
1017.01	 1.40069	 0.6297
1018.67	 1.39284	 0.62776
1020.34	 1.38573	 0.62573
1022.01	 1.37848	 0.62429
1023.67	 1.37064	 0.62254
1025.34	 1.36295	 0.62016
1027.01	 1.35584	 0.61775
1028.68	 1.34867	 0.61606
1030.34	 1.34064	 0.61431
1032.01	 1.3321	 0.61209
1033.68	 1.32337	 0.60901
1035.35	 1.31497	 0.60543
1037.01	 1.30692	 0.60175
1038.68	 1.2983	 0.59836
1040.35	 1.2891	 0.59356
1042.01	 1.28095	 0.58812
1043.68	 1.27278	 0.58261
1045.35	 1.26488	 0.57654
1047.02	 1.25727	 0.57001
1048.68	 1.25049	 0.56324
1050.35	 1.24362	 0.55691
1052.02	 1.2366	 0.54966
1053.68	 1.23066	 0.54207
1055.35	 1.22498	 0.53484
1057.02	 1.21927	 0.52727
1058.69	 1.21419	 0.51943
1060.35	 1.20953	 0.51188
1062.02	 1.20467	 0.5043
1063.69	 1.20027	 0.49614
1065.36	 1.19652	 0.48832
1067.02	 1.19265	 0.48057
1068.69	 1.18923	 0.47252
1070.36	 1.18616	 0.46485
1072.02	 1.18295	 0.45725
1073.69	 1.17973	 0.4495
1075.36	 1.17641	 0.44136
1077.03	 1.17385	 0.43237
1082.03	 1.16951	 0.36558
1100.37	 1.17179	 0.30295
1118.71	 1.1829	 0.25126
1137.05	 1.19854	 0.20956
1155.39	 1.21597	 0.17619
1173.72	 1.23363	 0.14947
1192.06	 1.25068	 0.12797
1210.4	 1.26673	 0.11052
1228.74	 1.28161	 0.09625
1247.08	 1.29532	 0.08445
1265.42	 1.3079	 0.07463
1283.76	 1.31943	 0.06636
1302.1	 1.32999	 0.05936
1320.44	 1.33968	 0.05338
1338.78	 1.34858	 0.04823
1357.12	 1.35677	 0.04378
1375.46	 1.36432	 0.0399
1393.8	 1.3713	 0.0365
1412.14	 1.37777	 0.03351
1430.48	 1.38377	 0.03086
1448.82	 1.38934	 0.02851
1467.16	 1.39454	 0.0264
1485.5	 1.39939	 0.02452
1503.83	 1.40393	 0.02283
1522.17	 1.40818	 0.0213
1540.51	 1.41217	 0.01991
1558.85	 1.41592	 0.01866
1577.19	 1.41945	 0.01751
1595.53	 1.42277	 0.01646
1613.87	 1.42592	 0.01551
1632.21	 1.42889	 0.01463
1650.55	 1.4317	 0.01382
1668.89	 1.43436	 0.01307
1687.23	 1.43689	 0.01238
1705.57	 1.43929	 0.01174
1723.91	 1.44158	 0.01115
1742.25	 1.44375	 0.0106
1760.59	 1.44583	 0.01009
1778.93	 1.4478	 0.00961
1797.27	 1.44969	 0.00917
1815.61	 1.4515	 0.00875
1833.94	 1.45322	 0.00836
1852.28	 1.45487	 0.008
1870.62	 1.45646	 0.00765
1888.96	 1.45797	 0.00733
1907.3	 1.45943	 0.00703
1925.64	 1.46082	 0.00674
1943.98	 1.46216	 0.00647
1962.32	 1.46346	 0.00622
1980.66	 1.4647	 0.00598
1999	 1.46589	 0.00575
2017.34	 1.46704	 0.00554
2035.68	 1.46815	 0.00533
2054.02	 1.46922	 0.00514
2072.36	 1.47025	 0.00495
2090.7	 1.47124	 0.00478
2109.04	 1.4722	 0.00461
2127.38	 1.47313	 0.00446
2145.72	 1.47403	 0.00431
2164.05	 1.4749	 0.00416
2182.39	 1.47574	 0.00403
2200.73	 1.47655	 0.0039
2219.07	 1.47734	 0.00377
2237.41	 1.4781	 0.00365
2255.75	 1.47884	 0.00354
2274.09	 1.47955	 0.00343
2292.43	 1.48025	 0.00333
2310.77	 1.48092	 0.00322
2329.11	 1.48157	 0.00313
2347.45	 1.48221	 0.00304
2365.79	 1.48282	 0.00295
2384.13	 1.48342	 0.00287
2402.47	 1.48401	 0.00278
2420.81	 1.48457	 0.00271
2439.15	 1.48512	 0.00263
2457.49	 1.48566	 0.00256
2475.83	 1.48618	 0.00249
2494.16	 1.48669	 0.00242
2512.5	 1.48718	 0.00236
2530.84	 1.48766	 0.0023
2549.18	 1.48813	 0.00224
2567.52	 1.48859	 0.00218
2585.86	 1.48903	 0.00213
2604.2	 1.48946	 0.00207
2622.54	 1.48989	 0.00202
2640.88	 1.4903	 0.00197
2659.22	 1.4907	 0.00192
2677.56	 1.49109	 0.00188
2695.9	 1.49148	 0.00183
2714.24	 1.49185	 0.00179
2732.58	 1.49222	 0.00175
2750.92	 1.49257	 0.00171
2769.26	 1.49292	 0.00167
2787.6	 1.49326	 0.00163
2805.94	 1.4936	 0.00159
2824.27	 1.49392	 0.00156
2842.61	 1.49424	 0.00152
2860.95	 1.49455	 0.00149
2879.29	 1.49486	 0.00146
2897.63	 1.49515	 0.00142
2915.97	 1.49545	 0.00139
2934.31	 1.49573	 0.00136
2952.65	 1.49601	 0.00134
2970.99	 1.49628	 0.00131
2989.33	 1.49655	 0.00128
3007.67	 1.49681	 0.00125
3026.01	 1.49707	 0.00123
3044.35	 1.49732	 0.0012
3062.69	 1.49757	 0.00118
3081.03	 1.49781	 0.00116
3099.37	 1.49805	 0.00113
3117.71	 1.49828	 0.00111
3136.05	 1.49851	 0.00109
3154.38	 1.49873	 0.00107
3172.72	 1.49895	 0.00105
3191.06	 1.49916	 0.00103
3209.4	 1.49937	 0.00101
3227.74	 1.49958	 0.00099
3246.08	 1.49978	 0.00097
3264.42	 1.49998	 0.00095
3282.76	 1.50018	 0.00094
3301.1	 1.50037	 0.00092
3319.44	 1.50056	 0.0009
3337.78	 1.50074	 0.00089
3356.12	 1.50092	 0.00087
3374.46	 1.5011	 0.00086
3392.8	 1.50128	 0.00084
3411.14	 1.50145	 0.00083
3429.48	 1.50162	 0.00081
3447.82	 1.50178	 0.0008
3466.16	 1.50195	 0.00079
3484.49	 1.50211	 0.00077
3502.83	 1.50227	 0.00076
3521.17	 1.50242	 0.00075
3539.51	 1.50257	 0.00073
3557.85	 1.50272	 0.00072
3576.19	 1.50287	 0.00071
3594.53	 1.50301	 0.0007
3612.87	 1.50316	 0.00069
3631.21	 1.5033	 0.00068
3649.55	 1.50344	 0.00067
3667.89	 1.50357	 0.00065
3686.23	 1.5037	 0.00064
3704.57	 1.50384	 0.00063
3722.91	 1.50397	 0.00063
3741.25	 1.50409	 0.00062
3759.59	 1.50422	 0.00061
3777.93	 1.50434	 0.0006
3796.27	 1.50446	 0.00059
3814.6	 1.50459	 0.00058
3832.94	 1.5047	 0.00057
3851.28	 1.50482	 0.00056
3869.62	 1.50493	 0.00055
3887.96	 1.50505	 0.00055
3906.3	 1.50516	 0.00054
3924.64	 1.50527	 0.00053
3942.98	 1.50537	 0.00052
3961.32	 1.50548	 0.00051
3979.66	 1.50558	 0.00051
3998	 1.50569	 0.0005
4016.34	 1.50579	 0.00049
4034.68	 1.50589	 0.00049
4053.02	 1.50599	 0.00048
4071.36	 1.50609	 0.00047
4089.7	 1.50618	 0.00047
4108.04	 1.50628	 0.00046
4126.38	 1.50637	 0.00045
4144.71	 1.50646	 0.00045
4163.05	 1.50655	 0.00044
4181.39	 1.50664	 0.00044
4199.73	 1.50673	 0.00043
4218.07	 1.50682	 0.00043
4236.41	 1.50691	 0.00042
4254.75	 1.50699	 0.00041
4273.09	 1.50707	 0.00041
4291.43	 1.50716	 0.0004
4309.77	 1.50724	 0.0004
4328.11	 1.50732	 0.00039
4346.45	 1.5074	 0.00039
4364.79	 1.50748	 0.00038
4383.13	 1.50756	 0.00038
4401.47	 1.50763	 0.00038
4419.81	 1.50771	 0.00037
4438.15	 1.50778	 0.00037
4456.49	 1.50786	 0.00036
4474.82	 1.50793	 0.00036
4493.16	 1.508	 0.00035
4511.5	 1.50807	 0.00035
4529.84	 1.50814	 0.00035
4548.18	 1.50821	 0.00034
4566.52	 1.50828	 0.00034
4584.86	 1.50835	 0.00033
4603.2	 1.50841	 0.00033
4621.54	 1.50848	 0.00033
4639.88	 1.50855	 0.00032
4658.22	 1.50861	 0.00032
4676.56	 1.50867	 0.00032
4694.9	 1.50874	 0.00031
4713.24	 1.5088	 0.00031
4731.58	 1.50886	 0.00031
4749.92	 1.50892	 0.0003
4768.26	 1.50898	 0.0003
4786.6	 1.50904	 0.0003
4804.94	 1.5091	 0.00029
4823.27	 1.50916	 0.00029
4841.61	 1.50921	 0.00029
4859.95	 1.50927	 0.00028
4878.29	 1.50933	 0.00028
4896.63	 1.50938	 0.00028
4914.97	 1.50944	 0.00027
4933.31	 1.50949	 0.00027
4951.65	 1.50955	 0.00027
4969.99	 1.5096	 0.00027
4988.33	 1.50965	 0.00026
5006.67	 1.5097	 0.00026
5025.01	 1.50976	 0.00026
5043.35	 1.50981	 0.00026
5061.69	 1.50986	 0.00025
5080.03	 1.50991	 0.00025
5098.37	 1.50996	 0.00025
5116.71	 1.51	 0.00025
5135.04	 1.51005	 0.00024
5153.38	 1.5101	 0.00024
5171.72	 1.51015	 0.00024
5190.06	 1.5102	 0.00024
5208.4	 1.51024	 0.00024
5226.74	 1.51029	 0.00023
5245.08	 1.51033	 0.00023
5263.42	 1.51038	 0.00023
5281.76	 1.51042	 0.00023
5300.1	 1.51047	 0.00023
5318.44	 1.51051	 0.00022
5336.78	 1.51055	 0.00022
5355.12	 1.51059	 0.00022
5373.46	 1.51064	 0.00022
5391.8	 1.51068	 0.00022
5410.14	 1.51072	 0.00021
5428.48	 1.51076	 0.00021
5446.82	 1.5108	 0.00021
5465.16	 1.51084	 0.00021
5483.49	 1.51088	 0.00021
5501.83	 1.51092	 0.0002
5520.17	 1.51096	 0.0002
5538.51	 1.511	 0.0002
5556.85	 1.51104	 0.0002
5575.19	 1.51108	 0.0002
5593.53	 1.51112	 0.0002
5611.87	 1.51115	 0.0002
5630.21	 1.51119	 0.00019
5648.55	 1.51123	 0.00019
5666.89	 1.51126	 0.00019
5685.23	 1.5113	 0.00019
5703.57	 1.51134	 0.00019
5721.91	 1.51137	 0.00019
5740.25	 1.51141	 0.00018
5758.59	 1.51144	 0.00018
5776.93	 1.51148	 0.00018
5795.27	 1.51151	 0.00018
5813.6	 1.51155	 0.00018
5831.94	 1.51158	 0.00018
5850.28	 1.51161	 0.00018
5868.62	 1.51165	 0.00018
5886.96	 1.51168	 0.00017
5905.3	 1.51171	 0.00017
5923.64	 1.51174	 0.00017
5941.98	 1.51177	 0.00017
5960.32	 1.51181	 0.00017
5978.66	 1.51184	 0.00017
5997	 1.51187	 0.00017
6015.34	 1.5119	 0.00017
6033.68	 1.51193	 0.00016
6052.02	 1.51196	 0.00016
6070.36	 1.51199	 0.00016
6088.7	 1.51202	 0.00016
6107.04	 1.51205	 0.00016
6125.38	 1.51208	 0.00016
6143.71	 1.51211	 0.00016
6162.05	 1.51214	 0.00016
6180.39	 1.51217	 0.00016
6198.73	 1.5122	 0.00016
6217.07	 1.51223	 0.00015
6235.41	 1.51226	 0.00015
6253.75	 1.51228	 0.00015
6272.09	 1.51231	 0.00015
6290.43	 1.51234	 0.00015
6308.77	 1.51237	 0.00015
6327.11	 1.51239	 0.00015
6345.45	 1.51242	 0.00015
6363.79	 1.51245	 0.00015
6382.13	 1.51247	 0.00015
6400.47	 1.5125	 0.00015
6418.81	 1.51252	 0.00014
6437.15	 1.51255	 0.00014
6455.49	 1.51258	 0.00014
6473.82	 1.5126	 0.00014
6492.16	 1.51263	 0.00014
6510.5	 1.51265	 0.00014
6528.84	 1.51268	 0.00014
6547.18	 1.5127	 0.00014
6565.52	 1.51273	 0.00014
6583.86	 1.51275	 0.00014
6602.2	 1.51278	 0.00014
6620.54	 1.5128	 0.00014
6638.88	 1.51283	 0.00013
6657.22	 1.51285	 0.00013
6675.56	 1.51287	 0.00013
6693.9	 1.5129	 0.00013
6712.24	 1.51292	 0.00013
6730.58	 1.51294	 0.00013
6748.92	 1.51297	 0.00013
6767.26	 1.51299	 0.00013
6785.6	 1.51301	 0.00013
6803.93	 1.51304	 0.00013
6822.27	 1.51306	 0.00013
6840.61	 1.51308	 0.00013
6858.95	 1.5131	 0.00013
6877.29	 1.51312	 0.00013
6895.63	 1.51315	 0.00013
6913.97	 1.51317	 0.00013
6932.31	 1.51319	 0.00012
6950.65	 1.51321	 0.00012
6968.99	 1.51323	 0.00012
6987.33	 1.51326	 0.00012
7005.67	 1.51328	 0.00012
7024.01	 1.5133	 0.00012
7042.35	 1.51332	 0.00012
7060.69	 1.51334	 0.00012
7079.03	 1.51336	 0.00012
7097.37	 1.51338	 0.00012
7115.71	 1.5134	 0.00012
7134.04	 1.51342	 0.00012
7152.38	 1.51344	 0.00012
7170.72	 1.51346	 0.00012
7189.06	 1.51348	 0.00012
7207.4	 1.5135	 0.00012
7225.74	 1.51352	 0.00012
7244.08	 1.51354	 0.00012
7262.42	 1.51356	 0.00012
7280.76	 1.51358	 0.00011
7299.1	 1.5136	 0.00011
7317.44	 1.51362	 0.00011
7335.78	 1.51364	 0.00011
7354.12	 1.51366	 0.00011
7372.46	 1.51367	 0.00011
7390.8	 1.51369	 0.00011
7409.14	 1.51371	 0.00011
7427.48	 1.51373	 0.00011
7445.82	 1.51375	 0.00011
7464.15	 1.51377	 0.00011
7482.49	 1.51379	 0.00011
7500.83	 1.5138	 0.00011
7519.17	 1.51382	 0.00011
7537.51	 1.51384	 0.00011
7555.85	 1.51386	 0.00011
7574.19	 1.51387	 0.00011
7592.53	 1.51389	 0.00011
7610.87	 1.51391	 0.00011
7629.21	 1.51393	 0.00011
7647.55	 1.51395	 0.00011
7665.89	 1.51396	 0.00011
7684.23	 1.51398	 0.00011
7702.57	 1.514	 0.00011
7720.91	 1.51401	 0.00011
7739.25	 1.51403	 0.0001
7757.59	 1.51405	 0.0001
7775.93	 1.51407	 0.0001
7794.26	 1.51408	 0.0001
7812.6	 1.5141	 0.0001
7830.94	 1.51412	 0.0001
7849.28	 1.51413	 0.0001
7867.62	 1.51415	 0.0001
7885.96	 1.51417	 0.0001
7904.3	 1.51418	 0.0001
7922.64	 1.5142	 0.0001
7940.98	 1.51421	 0.0001
7959.32	 1.51423	 0.0001
7977.66	 1.51424	 0.0001
7996	 1.51426	 0.0001
8014.34	 1.51428	 0.0001
8032.68	 1.51429	 0.0001
8051.02	 1.51431	 0.0001
8069.36	 1.51432	 0.0001
8087.7	 1.51434	 0.0001
8106.04	 1.51436	 0.0001
8124.38	 1.51437	 0.0001
8142.71	 1.51439	 0.0001
8161.05	 1.5144	 0.0001
8179.39	 1.51442	 0.0001
8197.73	 1.51443	 0.0001
8216.07	 1.51445	 0.0001
8234.41	 1.51446	 0.0001
8252.75	 1.51448	 0.0001
8271.09	 1.51449	 0.0001
8289.43	 1.51451	 0.0001
8307.77	 1.51452	 0.0001
8326.11	 1.51454	 0.0001
8344.45	 1.51455	 0.0001
8362.79	 1.51457	 0.0001
8381.13	 1.51458	 0.0001
8399.47	 1.5146	 0.0001
8417.81	 1.51461	 0.0001
8436.15	 1.51463	 0.0001
8454.48	 1.51464	 9e-005
8472.82	 1.51465	 9e-005
8491.16	 1.51467	 9e-005
8509.5	 1.51468	 9e-005
8527.84	 1.5147	 9e-005
8546.18	 1.51471	 9e-005
8564.52	 1.51472	 9e-005
8582.86	 1.51474	 9e-005
8601.2	 1.51475	 9e-005
8619.54	 1.51477	 9e-005
8637.88	 1.51478	 9e-005
8656.22	 1.51479	 9e-005
8674.56	 1.51481	 9e-005
8692.9	 1.51482	 9e-005
8711.24	 1.51484	 9e-005
8729.58	 1.51485	 9e-005
8747.92	 1.51486	 9e-005
8766.26	 1.51488	 9e-005
8784.59	 1.51489	 9e-005
8802.93	 1.5149	 9e-005
8821.27	 1.51492	 9e-005
8839.61	 1.51493	 9e-005
8857.95	 1.51495	 9e-005
8876.29	 1.51496	 9e-005
8894.63	 1.51497	 9e-005
8912.97	 1.51499	 9e-005
8931.31	 1.515	 9e-005
8949.65	 1.51501	 9e-005
8967.99	 1.51503	 9e-005
8986.33	 1.51504	 9e-005
9004.67	 1.51505	 9e-005
9023.01	 1.51506	 9e-005
9041.35	 1.51507	 9e-005
9059.69	 1.51509	 9e-005
9078.03	 1.5151	 9e-005
9096.37	 1.51511	 9e-005
9114.71	 1.51513	 9e-005
9133.04	 1.51514	 9e-005
9151.38	 1.51515	 9e-005
9169.72	 1.51517	 9e-005
9188.06	 1.51518	 9e-005
9206.4	 1.51519	 9e-005
9224.74	 1.5152	 9e-005
9243.08	 1.51522	 9e-005
9261.42	 1.51523	 9e-005
9279.76	 1.51524	 9e-005
9298.1	 1.51525	 9e-005
9316.44	 1.51527	 9e-005
9334.78	 1.51528	 9e-005
9353.12	 1.51529	 9e-005
9371.46	 1.5153	 9e-005
9389.8	 1.51532	 9e-005
9408.14	 1.51533	 9e-005
9426.48	 1.51534	 9e-005
9444.81	 1.51535	 9e-005
9463.15	 1.51537	 9e-005
9481.49	 1.51538	 9e-005
9499.83	 1.51539	 9e-005
9518.17	 1.5154	 9e-005
9536.51	 1.51541	 9e-005
9554.85	 1.51542	 9e-005
9573.19	 1.51544	 9e-005
9591.53	 1.51545	 9e-005
9609.87	 1.51546	 9e-005
9628.21	 1.51547	 9e-005
9646.55	 1.51548	 9e-005
9664.89	 1.5155	 9e-005
9683.23	 1.51551	 9e-005
9701.57	 1.51552	 9e-005
9719.91	 1.51553	 9e-005
9738.25	 1.51554	 9e-005
9756.59	 1.51556	 9e-005
9774.92	 1.51557	 9e-005
9793.26	 1.51558	 9e-005
9811.6	 1.51559	 9e-005
9829.94	 1.5156	 9e-005
9848.28	 1.51561	 9e-005
9866.62	 1.51563	 9e-005
9884.96	 1.51564	 9e-005
9903.3	 1.51565	 9e-005
9921.64	 1.51566	 9e-005
9939.98	 1.51567	 9e-005
9958.32	 1.51568	 9e-005
9976.66	 1.5157	 9e-005
9995	 1.51571	 9e-005
10013.3	 1.51572	 9e-005
10031.7	 1.51573	 9e-005
10050	 1.51574	 9e-005
10068.4	 1.51575	 9e-005
10086.7	 1.51576	 9e-005
10105	 1.51577	 9e-005
10123.4	 1.51579	 9e-005
10141.7	 1.5158	 9e-005
10160.1	 1.51581	 9e-005
10178.4	 1.51582	 9e-005
10196.7	 1.51583	 9e-005
10215.1	 1.51584	 9e-005
10233.4	 1.51585	 9e-005
10251.8	 1.51587	 9e-005
10270.1	 1.51588	 9e-005
10288.4	 1.51589	 9e-005
10306.8	 1.5159	 9e-005
10325.1	 1.51591	 9e-005
10343.4	 1.51592	 9e-005
10361.8	 1.51593	 9e-005
10380.1	 1.51594	 9e-005
10398.5	 1.51595	 9e-005
10416.8	 1.51596	 9e-005
10435.1	 1.51598	 9e-005
10453.5	 1.51599	 9e-005
10471.8	 1.516	 9e-005
10490.2	 1.51601	 9e-005
10508.5	 1.51602	 9e-005
10526.8	 1.51603	 9e-005
10545.2	 1.51604	 9e-005
10563.5	 1.51605	 9e-005
10581.9	 1.51606	 9e-005
10600.2	 1.51607	 9e-005
10618.5	 1.51609	 9e-005
10636.9	 1.5161	 9e-005
10655.2	 1.51611	 9e-005
10673.6	 1.51612	 9e-005
10691.9	 1.51613	 9e-005
10710.2	 1.51614	 9e-005
10728.6	 1.51615	 9e-005
10746.9	 1.51616	 9e-005
10765.3	 1.51617	 9e-005
10783.6	 1.51618	 9e-005
10801.9	 1.51619	 9e-005
10820.3	 1.5162	 9e-005
10838.6	 1.51621	 9e-005
10857	 1.51622	 9e-005
10875.3	 1.51624	 9e-005
10893.6	 1.51625	 9e-005
10912	 1.51626	 9e-005
10930.3	 1.51627	 9e-005
10948.6	 1.51628	 9e-005
10967	 1.51629	 9e-005
10985.3	 1.5163	 9e-005
11003.7	 1.51631	 9e-005
11022	 1.51632	 9e-005
11040.3	 1.51633	 9e-005
11058.7	 1.51634	 9e-005
11077	 1.51635	 9e-005
11095.4	 1.51636	 9e-005
11113.7	 1.51637	 9e-005
11132	 1.51638	 9e-005
11150.4	 1.5164	 9e-005
11168.7	 1.51641	 9e-005
11187.1	 1.51642	 9e-005
11205.4	 1.51643	 9e-005
11223.7	 1.51644	 9e-005
11242.1	 1.51645	 9e-005
11260.4	 1.51646	 9e-005
11278.8	 1.51647	 9e-005
11297.1	 1.51648	 9e-005
11315.4	 1.51649	 9e-005
11333.8	 1.5165	 9e-005
11352.1	 1.51651	 9e-005
11370.5	 1.51652	 9e-005
11388.8	 1.51653	 9e-005
11407.1	 1.51654	 9e-005
11425.5	 1.51655	 9e-005
11443.8	 1.51656	 9e-005
11462.2	 1.51657	 9e-005
11480.5	 1.51658	 9e-005
11498.8	 1.51659	 9e-005
11517.2	 1.5166	 9e-005
11535.5	 1.51661	 9e-005
11553.9	 1.51662	 9e-005
11572.2	 1.51664	 9e-005
11590.5	 1.51665	 9e-005
11608.9	 1.51666	 9e-005
11627.2	 1.51667	 9e-005
11645.5	 1.51668	 9e-005
11663.9	 1.51669	 9e-005
11682.2	 1.5167	 9e-005
11700.6	 1.51671	 9e-005
11718.9	 1.51672	 9e-005
11737.2	 1.51673	 9e-005
11755.6	 1.51674	 9e-005
11773.9	 1.51675	 9e-005
11792.3	 1.51676	 9e-005
11810.6	 1.51677	 9e-005
11828.9	 1.51678	 9e-005
11847.3	 1.51679	 9e-005
11865.6	 1.5168	 9e-005
11884	 1.51681	 9e-005
11902.3	 1.51682	 9e-005
11920.6	 1.51683	 9e-005
11939	 1.51684	 9e-005
11957.3	 1.51685	 9e-005
11975.7	 1.51686	 9e-005
11994	 1.51687	 9e-005
12012.3	 1.51688	 9e-005
12030.7	 1.51689	 9e-005
12049	 1.5169	 9e-005
12067.4	 1.51691	 9e-005
12085.7	 1.51692	 9e-005
12104	 1.51693	 9e-005
12122.4	 1.51694	 9e-005
12140.7	 1.51695	 9e-005
12159.1	 1.51697	 9e-005
12177.4	 1.51698	 9e-005
12195.7	 1.51699	 9e-005
12214.1	 1.517	 9e-005
12232.4	 1.51701	 9e-005
12250.8	 1.51702	 9e-005
12269.1	 1.51703	 9e-005
12287.4	 1.51704	 9e-005
12305.8	 1.51705	 9e-005
12324.1	 1.51706	 9e-005
12342.4	 1.51707	 9e-005
12360.8	 1.51708	 9e-005
12379.1	 1.51709	 9e-005
12397.5	 1.5171	 9e-005
12415.8	 1.51711	 9e-005
12434.1	 1.51712	 9e-005
12452.5	 1.51713	 9e-005
12470.8	 1.51714	 9e-005
12489.2	 1.51715	 9e-005
12507.5	 1.51716	 9e-005
12525.8	 1.51717	 9e-005
12544.2	 1.51718	 9e-005
12562.5	 1.51719	 9e-005
12580.9	 1.5172	 9e-005
12599.2	 1.51721	 9e-005
12617.5	 1.51722	 9e-005
12635.9	 1.51723	 9e-005
12654.2	 1.51724	 9e-005
12672.6	 1.51725	 9e-005
12690.9	 1.51726	 9e-005
12709.2	 1.51727	 9e-005
12727.6	 1.51728	 9e-005
12745.9	 1.51729	 9e-005
12764.3	 1.5173	 9e-005
12782.6	 1.51731	 9e-005
12800.9	 1.51732	 9e-005
12819.3	 1.51733	 9e-005
12837.6	 1.51734	 9e-005
12856	 1.51735	 9e-005
12874.3	 1.51736	 9e-005
12892.6	 1.51737	 9e-005
12911	 1.51738	 9e-005
12929.3	 1.51739	 9e-005
12947.6	 1.5174	 9e-005
12966	 1.51741	 9e-005
12984.3	 1.51742	 9e-005
13002.7	 1.51743	 9e-005
13021	 1.51744	 9e-005
13039.3	 1.51745	 9e-005
13057.7	 1.51746	 9e-005
13076	 1.51748	 9e-005
13094.4	 1.51749	 9e-005
13112.7	 1.5175	 9e-005
13131	 1.51751	 9e-005
13149.4	 1.51752	 9e-005
13167.7	 1.51753	 9e-005
13186.1	 1.51754	 9e-005
13204.4	 1.51755	 9e-005
13222.7	 1.51756	 9e-005
13241.1	 1.51757	 9e-005
13259.4	 1.51758	 9e-005
13277.8	 1.51759	 9e-005
13296.1	 1.5176	 9e-005
13314.4	 1.51761	 9e-005
13332.8	 1.51762	 9e-005
13351.1	 1.51763	 9e-005
13369.5	 1.51764	 9e-005
13387.8	 1.51765	 9e-005
13406.1	 1.51766	 9e-005
13424.5	 1.51767	 9e-005
13442.8	 1.51768	 9e-005
13461.2	 1.51769	 9e-005
13479.5	 1.5177	 9e-005
13497.8	 1.51771	 9e-005
13516.2	 1.51772	 9e-005
13534.5	 1.51773	 9e-005
13552.9	 1.51774	 9e-005
13571.2	 1.51775	 9e-005
13589.5	 1.51776	 9e-005
13607.9	 1.51777	 9e-005
13626.2	 1.51778	 9e-005
13644.5	 1.51779	 9e-005
13662.9	 1.5178	 9e-005
13681.2	 1.51781	 9e-005
13699.6	 1.51783	 9e-005
13717.9	 1.51784	 9e-005
13736.2	 1.51785	 9e-005
13754.6	 1.51786	 9e-005
13772.9	 1.51787	 9e-005
13791.3	 1.51788	 0.0001
13809.6	 1.51789	 0.0001
13827.9	 1.5179	 0.0001
13846.3	 1.51791	 0.0001
13864.6	 1.51792	 0.0001
13883	 1.51793	 0.0001
13901.3	 1.51794	 0.0001
13919.6	 1.51795	 0.0001
13938	 1.51796	 0.0001
13956.3	 1.51797	 0.0001
13974.7	 1.51798	 0.0001
13993	 1.51799	 0.0001
14011.3	 1.518	 0.0001
14029.7	 1.51801	 0.0001
14048	 1.51802	 0.0001
14066.4	 1.51803	 0.0001
14084.7	 1.51804	 0.0001
14103	 1.51805	 0.0001
14121.4	 1.51806	 0.0001
14139.7	 1.51807	 0.0001
14158.1	 1.51808	 0.0001
14176.4	 1.5181	 0.0001
14194.7	 1.51811	 0.0001
14213.1	 1.51812	 0.0001
14231.4	 1.51813	 0.0001
14249.8	 1.51814	 0.0001
14268.1	 1.51815	 0.0001
14286.4	 1.51816	 0.0001
14304.8	 1.51817	 0.0001
14323.1	 1.51818	 0.0001
14341.4	 1.51819	 0.0001
14359.8	 1.5182	 0.0001
14378.1	 1.51821	 0.0001
14396.5	 1.51822	 0.0001
14414.8	 1.51823	 0.0001
14433.1	 1.51824	 0.0001
14451.5	 1.51825	 0.0001
14469.8	 1.51826	 0.0001
14488.2	 1.51827	 0.0001
14506.5	 1.51828	 0.0001
14524.8	 1.51829	 0.0001
14543.2	 1.51831	 0.0001
14561.5	 1.51832	 0.0001
14579.9	 1.51833	 0.0001
14598.2	 1.51834	 0.0001
14616.5	 1.51835	 0.0001
14634.9	 1.51836	 0.0001
14653.2	 1.51837	 0.0001
14671.6	 1.51838	 0.0001
14689.9	 1.51839	 0.0001
14708.2	 1.5184	 0.0001
14726.6	 1.51841	 0.0001
14744.9	 1.51842	 0.0001
14763.3	 1.51843	 0.0001
14781.6	 1.51844	 0.0001
14799.9	 1.51846	 0.0001
14818.3	 1.51847	 0.0001
14836.6	 1.51848	 0.0001
14855	 1.51849	 0.0001
14873.3	 1.5185	 0.0001
14891.6	 1.51851	 0.0001
14910	 1.51852	 0.0001
14928.3	 1.51853	 0.0001
14946.6	 1.51854	 0.0001
14965	 1.51855	 0.0001
14983.3	 1.51856	 0.0001
15001.7	 1.51857	 0.0001
15020	 1.51858	 0.0001
15038.3	 1.51859	 0.0001
15056.7	 1.5186	 0.0001
15075	 1.51862	 0.0001
15093.4	 1.51863	 0.0001
15111.7	 1.51864	 0.0001
15130	 1.51865	 0.0001
15148.4	 1.51866	 0.0001
15166.7	 1.51867	 0.0001
15185.1	 1.51868	 0.0001
15203.4	 1.51869	 0.0001
15221.7	 1.5187	 0.0001
15240.1	 1.51871	 0.0001
15258.4	 1.51872	 0.0001
15276.8	 1.51874	 0.0001
15295.1	 1.51875	 0.0001
15313.4	 1.51876	 0.0001
15331.8	 1.51877	 0.0001
15350.1	 1.51878	 0.0001
15368.5	 1.51879	 0.0001
15386.8	 1.5188	 0.0001
15405.1	 1.51881	 0.0001
15423.5	 1.51882	 0.0001
15441.8	 1.51883	 0.0001
15460.2	 1.51884	 0.0001
15478.5	 1.51885	 0.00011
15496.8	 1.51887	 0.00011
15515.2	 1.51888	 0.00011
15533.5	 1.51889	 0.00011
15551.9	 1.5189	 0.00011
15570.2	 1.51891	 0.00011
15588.5	 1.51892	 0.00011
15606.9	 1.51893	 0.00011
15625.2	 1.51894	 0.00011
15643.5	 1.51895	 0.00011
15661.9	 1.51897	 0.00011
15680.2	 1.51898	 0.00011
15698.6	 1.51899	 0.00011
15716.9	 1.519	 0.00011
15735.2	 1.51901	 0.00011
15753.6	 1.51902	 0.00011
15771.9	 1.51903	 0.00011
15790.3	 1.51904	 0.00011
15808.6	 1.51905	 0.00011
15826.9	 1.51906	 0.00011
15845.3	 1.51908	 0.00011
15863.6	 1.51909	 0.00011
15882	 1.5191	 0.00011
15900.3	 1.51911	 0.00011
15918.6	 1.51912	 0.00011
15937	 1.51913	 0.00011
15955.3	 1.51914	 0.00011
15973.7	 1.51915	 0.00011
15992	 1.51917	 0.00011
16010.3	 1.51918	 0.00011
16028.7	 1.51919	 0.00011
16047	 1.5192	 0.00011
16065.4	 1.51921	 0.00011
16083.7	 1.51922	 0.00011
16102	 1.51923	 0.00011
16120.4	 1.51924	 0.00011
16138.7	 1.51926	 0.00011
16157.1	 1.51927	 0.00011
16175.4	 1.51928	 0.00011
16193.7	 1.51929	 0.00011
16212.1	 1.5193	 0.00011
16230.4	 1.51931	 0.00011
16248.8	 1.51933	 0.00011
16267.1	 1.51933	 0.00011
16285.4	 1.51935	 0.00011
16303.8	 1.51936	 0.00011
16322.1	 1.51937	 0.00011
16340.4	 1.51938	 0.00011
16358.8	 1.51939	 0.00011
16377.1	 1.5194	 0.00011
16395.5	 1.51942	 0.00011
16413.8	 1.51943	 0.00011
16432.1	 1.51944	 0.00011
16450.5	 1.51945	 0.00011
16468.8	 1.51946	 0.00011
16487.2	 1.51947	 0.00011
16505.5	 1.51948	 0.00011
16523.8	 1.5195	 0.00011
16542.2	 1.51951	 0.00011
16560.5	 1.51952	 0.00011
16578.9	 1.51953	 0.00011
16597.2	 1.51954	 0.00011
16615.5	 1.51955	 0.00011
16633.9	 1.51957	 0.00011
16652.2	 1.51958	 0.00011
16670.6	 1.51959	 0.00011
16688.9	 1.5196	 0.00011
16707.2	 1.51961	 0.00011
16725.6	 1.51962	 0.00011
16743.9	 1.51964	 0.00011
16762.3	 1.51965	 0.00011
16780.6	 1.51966	 0.00011
16798.9	 1.51967	 0.00011
16817.3	 1.51968	 0.00011
16835.6	 1.51969	 0.00011
16854	 1.51971	 0.00012
16872.3	 1.51972	 0.00012
16890.6	 1.51973	 0.00012
16909	 1.51974	 0.00012
16927.3	 1.51975	 0.00012
16945.6	 1.51976	 0.00012
16964	 1.51978	 0.00012
16982.3	 1.51979	 0.00012
17000.7	 1.5198	 0.00012
17019	 1.51981	 0.00012
17037.3	 1.51982	 0.00012
17055.7	 1.51984	 0.00012
17074	 1.51985	 0.00012
17092.4	 1.51986	 0.00012
17110.7	 1.51987	 0.00012
17129	 1.51988	 0.00012
17147.4	 1.5199	 0.00012
17165.7	 1.51991	 0.00012
17184.1	 1.51992	 0.00012
17202.4	 1.51993	 0.00012
17220.7	 1.51994	 0.00012
17239.1	 1.51996	 0.00012
17257.4	 1.51997	 0.00012
17275.8	 1.51998	 0.00012
17294.1	 1.51999	 0.00012
17312.4	 1.52	 0.00012
17330.8	 1.52001	 0.00012
17349.1	 1.52003	 0.00012
17367.5	 1.52004	 0.00012
17385.8	 1.52005	 0.00012
17404.1	 1.52006	 0.00012
17422.5	 1.52008	 0.00012
17440.8	 1.52009	 0.00012
17459.2	 1.5201	 0.00012
17477.5	 1.52011	 0.00012
17495.8	 1.52012	 0.00012
17514.2	 1.52014	 0.00012
17532.5	 1.52015	 0.00012
17550.8	 1.52016	 0.00012
17569.2	 1.52017	 0.00012
17587.5	 1.52019	 0.00012
17605.9	 1.5202	 0.00012
17624.2	 1.52021	 0.00012
17642.5	 1.52022	 0.00012
17660.9	 1.52024	 0.00012
17679.2	 1.52025	 0.00012
17697.6	 1.52026	 0.00012
17715.9	 1.52027	 0.00012
17734.2	 1.52028	 0.00012
17752.6	 1.5203	 0.00012
17770.9	 1.52031	 0.00012
17789.3	 1.52032	 0.00012
17807.6	 1.52033	 0.00012
17825.9	 1.52035	 0.00012
17844.3	 1.52036	 0.00012
17862.6	 1.52037	 0.00012
17881	 1.52038	 0.00012
17899.3	 1.52039	 0.00012
17917.6	 1.52041	 0.00012
17936	 1.52042	 0.00012
17954.3	 1.52043	 0.00012
17972.7	 1.52045	 0.00012
17991	 1.52046	 0.00012
18009.3	 1.52047	 0.00012
18027.7	 1.52048	 0.00012
18046	 1.5205	 0.00012
18064.4	 1.52051	 0.00012
18082.7	 1.52052	 0.00012
18101	 1.52053	 0.00012
18119.4	 1.52054	 0.00012
18137.7	 1.52056	 0.00012
18156.1	 1.52057	 0.00012
18174.4	 1.52058	 0.00012
18192.7	 1.5206	 0.00012
18211.1	 1.52061	 0.00012
18229.4	 1.52062	 0.00012
18247.8	 1.52063	 0.00012
18266.1	 1.52065	 0.00012
18284.4	 1.52066	 0.00012
18302.8	 1.52067	 0.00012
18321.1	 1.52069	 0.00012
18339.4	 1.5207	 0.00012
18357.8	 1.52071	 0.00012
18376.1	 1.52072	 0.00012
18394.5	 1.52074	 0.00012
18412.8	 1.52075	 0.00012
18431.1	 1.52076	 0.00012
18449.5	 1.52077	 0.00013
18467.8	 1.52079	 0.00013
18486.2	 1.5208	 0.00013
18504.5	 1.52081	 0.00013
18522.8	 1.52083	 0.00013
18541.2	 1.52084	 0.00013
18559.5	 1.52085	 0.00013
18577.9	 1.52086	 0.00013
18596.2	 1.52088	 0.00013
18614.5	 1.52089	 0.00013
18632.9	 1.5209	 0.00013
18651.2	 1.52092	 0.00013
18669.6	 1.52093	 0.00013
18687.9	 1.52094	 0.00013
18706.2	 1.52096	 0.00013
18724.6	 1.52097	 0.00013
18742.9	 1.52098	 0.00013
18761.3	 1.521	 0.00013
18779.6	 1.52101	 0.00013
18797.9	 1.52102	 0.00013
18816.3	 1.52103	 0.00013
18834.6	 1.52105	 0.00013
18853	 1.52106	 0.00013
18871.3	 1.52107	 0.00013
18889.6	 1.52109	 0.00013
18908	 1.5211	 0.00013
18926.3	 1.52111	 0.00013
18944.6	 1.52113	 0.00013
18963	 1.52114	 0.00013
18981.3	 1.52115	 0.00013
18999.7	 1.52117	 0.00013
19018	 1.52118	 0.00013
19036.3	 1.52119	 0.00013
19054.7	 1.52121	 0.00013
19073	 1.52122	 0.00013
19091.4	 1.52123	 0.00013
19109.7	 1.52125	 0.00013
19128	 1.52126	 0.00013
19146.4	 1.52127	 0.00013
19164.7	 1.52129	 0.00013
19183.1	 1.5213	 0.00013
19201.4	 1.52131	 0.00013
19219.7	 1.52133	 0.00013
19238.1	 1.52134	 0.00013
19256.4	 1.52135	 0.00013
19274.8	 1.52137	 0.00013
19293.1	 1.52138	 0.00013
19311.4	 1.5214	 0.00013
19329.8	 1.52141	 0.00013
19348.1	 1.52142	 0.00013
19366.5	 1.52144	 0.00013
19384.8	 1.52145	 0.00013
19403.1	 1.52146	 0.00013
19421.5	 1.52147	 0.00013
19439.8	 1.52149	 0.00013
19458.2	 1.5215	 0.00013
19476.5	 1.52152	 0.00013
19494.8	 1.52153	 0.00013
19513.2	 1.52154	 0.00013
19531.5	 1.52156	 0.00014
19549.8	 1.52157	 0.00014
19568.2	 1.52159	 0.00014
19586.5	 1.5216	 0.00014
19604.9	 1.52161	 0.00014
19623.2	 1.52163	 0.00014
19641.5	 1.52164	 0.00014
19659.9	 1.52166	 0.00014
19678.2	 1.52167	 0.00014
19696.6	 1.52168	 0.00014
19714.9	 1.5217	 0.00014
19733.2	 1.52171	 0.00014
19751.6	 1.52172	 0.00014
19769.9	 1.52174	 0.00014
19788.3	 1.52175	 0.00014
19806.6	 1.52177	 0.00014
19824.9	 1.52178	 0.00014
19843.3	 1.52179	 0.00014
19861.6	 1.52181	 0.00014
19880	 1.52182	 0.00014
19898.3	 1.52184	 0.00014
19916.6	 1.52185	 0.00014
19935	 1.52186	 0.00014
19953.3	 1.52188	 0.00014
19971.7	 1.52189	 0.00014
19990	 1.52191	 0.00014
20008.3	 1.52192	 0.00014
20026.7	 1.52193	 0.00014
20045	 1.52195	 0.00014
20063.4	 1.52196	 0.00014
20081.7	 1.52198	 0.00014
20100	 1.52199	 0.00014
20118.4	 1.52201	 0.00014
20136.7	 1.52202	 0.00014
20155.1	 1.52204	 0.00014
20173.4	 1.52205	 0.00014
20191.7	 1.52206	 0.00014
20210.1	 1.52208	 0.00014
20228.4	 1.52209	 0.00014
20246.7	 1.52211	 0.00014
20265.1	 1.52212	 0.00014
20283.4	 1.52214	 0.00014
20301.8	 1.52215	 0.00014
20320.1	 1.52217	 0.00014
20338.4	 1.52218	 0.00014
20356.8	 1.52219	 0.00014
20375.1	 1.52221	 0.00014
20393.5	 1.52222	 0.00014
20411.8	 1.52224	 0.00014
20430.1	 1.52225	 0.00014
20448.5	 1.52227	 0.00014
20466.8	 1.52228	 0.00014
20485.2	 1.5223	 0.00014
20503.5	 1.52231	 0.00014
20521.8	 1.52232	 0.00015
20540.2	 1.52234	 0.00015
20558.5	 1.52235	 0.00015
20576.9	 1.52237	 0.00015
20595.2	 1.52238	 0.00015
20613.5	 1.5224	 0.00015
20631.9	 1.52241	 0.00015
20650.2	 1.52243	 0.00015
20668.6	 1.52244	 0.00015
20686.9	 1.52246	 0.00015
20705.2	 1.52247	 0.00015
20723.6	 1.52249	 0.00015
20741.9	 1.5225	 0.00015
20760.3	 1.52252	 0.00015
20778.6	 1.52253	 0.00015
20796.9	 1.52255	 0.00015
20815.3	 1.52256	 0.00015
20833.6	 1.52258	 0.00015
20852	 1.52259	 0.00015
20870.3	 1.52261	 0.00015
20888.6	 1.52262	 0.00015
20907	 1.52263	 0.00015
20925.3	 1.52265	 0.00015
20943.6	 1.52267	 0.00015
20962	 1.52268	 0.00015
20980.3	 1.5227	 0.00015
20998.7	 1.52271	 0.00015
21017	 1.52273	 0.00015
21035.3	 1.52274	 0.00015
21053.7	 1.52276	 0.00015
21072	 1.52277	 0.00015
21090.4	 1.52279	 0.00015
21108.7	 1.5228	 0.00015
21127	 1.52282	 0.00015
21145.4	 1.52283	 0.00015
21163.7	 1.52285	 0.00015
21182.1	 1.52286	 0.00015
21200.4	 1.52288	 0.00015
21218.7	 1.52289	 0.00015
21237.1	 1.52291	 0.00015
21255.4	 1.52292	 0.00015
21273.8	 1.52294	 0.00015
21292.1	 1.52296	 0.00015
21310.4	 1.52297	 0.00015
21328.8	 1.52298	 0.00015
21347.1	 1.523	 0.00015
21365.5	 1.52302	 0.00015
21383.8	 1.52303	 0.00015
21402.1	 1.52305	 0.00015
21420.5	 1.52306	 0.00015
21438.8	 1.52308	 0.00016
21457.2	 1.52309	 0.00016
21475.5	 1.52311	 0.00016
21493.8	 1.52313	 0.00016
21512.2	 1.52314	 0.00016
21530.5	 1.52316	 0.00016
21548.8	 1.52317	 0.00016
21567.2	 1.52319	 0.00016
21585.5	 1.5232	 0.00016
21603.9	 1.52322	 0.00016
21622.2	 1.52323	 0.00016
21640.5	 1.52325	 0.00016
21658.9	 1.52327	 0.00016
21677.2	 1.52328	 0.00016
21695.6	 1.5233	 0.00016
21713.9	 1.52331	 0.00016
21732.2	 1.52333	 0.00016
21750.6	 1.52335	 0.00016
21768.9	 1.52336	 0.00016
21787.3	 1.52338	 0.00016
21805.6	 1.52339	 0.00016
21823.9	 1.52341	 0.00016
21842.3	 1.52342	 0.00016
21860.6	 1.52344	 0.00016
21879	 1.52346	 0.00016
21897.3	 1.52347	 0.00016
21915.6	 1.52349	 0.00016
21934	 1.5235	 0.00016
21952.3	 1.52352	 0.00016
21970.7	 1.52354	 0.00016
21989	 1.52355	 0.00016
22007.3	 1.52357	 0.00016
22025.7	 1.52359	 0.00016
22044	 1.5236	 0.00016
22062.4	 1.52362	 0.00016
22080.7	 1.52364	 0.00016
22099	 1.52365	 0.00016
22117.4	 1.52367	 0.00016
22135.7	 1.52368	 0.00016
22154.1	 1.5237	 0.00016
22172.4	 1.52371	 0.00016
22190.7	 1.52373	 0.00016
22209.1	 1.52375	 0.00016
22227.4	 1.52376	 0.00016
22245.7	 1.52378	 0.00016
22264.1	 1.5238	 0.00016
22282.4	 1.52381	 0.00016
22300.8	 1.52383	 0.00017
22319.1	 1.52385	 0.00017
22337.4	 1.52386	 0.00017
22355.8	 1.52388	 0.00017
22374.1	 1.5239	 0.00017
22392.5	 1.52391	 0.00017
22410.8	 1.52393	 0.00017
22429.1	 1.52395	 0.00017
22447.5	 1.52396	 0.00017
22465.8	 1.52398	 0.00017
22484.2	 1.524	 0.00017
22502.5	 1.52401	 0.00017
22520.8	 1.52403	 0.00017
22539.2	 1.52405	 0.00017
22557.5	 1.52406	 0.00017
22575.9	 1.52408	 0.00017
22594.2	 1.5241	 0.00017
22612.5	 1.52411	 0.00017
22630.9	 1.52413	 0.00017
22649.2	 1.52415	 0.00017
22667.6	 1.52416	 0.00017
22685.9	 1.52418	 0.00017
22704.2	 1.5242	 0.00017
22722.6	 1.52421	 0.00017
22740.9	 1.52423	 0.00017
22759.3	 1.52425	 0.00017
22777.6	 1.52427	 0.00017
22795.9	 1.52428	 0.00017
22814.3	 1.5243	 0.00017
22832.6	 1.52432	 0.00017
22851	 1.52433	 0.00017
22869.3	 1.52435	 0.00017
22887.6	 1.52437	 0.00017
22906	 1.52439	 0.00017
22924.3	 1.5244	 0.00017
22942.6	 1.52442	 0.00017
22961	 1.52444	 0.00017
22979.3	 1.52445	 0.00017
22997.7	 1.52447	 0.00017
23016	 1.52449	 0.00017
23034.3	 1.5245	 0.00017
23052.7	 1.52452	 0.00017
23071	 1.52454	 0.00017
23089.4	 1.52456	 0.00017
23107.7	 1.52457	 0.00018
23126	 1.52459	 0.00018
23144.4	 1.52461	 0.00018
23162.7	 1.52463	 0.00018
23181.1	 1.52464	 0.00018
23199.4	 1.52466	 0.00018
23217.7	 1.52468	 0.00018
23236.1	 1.5247	 0.00018
23254.4	 1.52471	 0.00018
23272.8	 1.52473	 0.00018
23291.1	 1.52475	 0.00018
23309.4	 1.52477	 0.00018
23327.8	 1.52479	 0.00018
23346.1	 1.5248	 0.00018
23364.5	 1.52482	 0.00018
23382.8	 1.52484	 0.00018
23401.1	 1.52486	 0.00018
23419.5	 1.52487	 0.00018
23437.8	 1.52489	 0.00018
23456.2	 1.52491	 0.00018
23474.5	 1.52493	 0.00018
23492.8	 1.52494	 0.00018
23511.2	 1.52496	 0.00018
23529.5	 1.52498	 0.00018
23547.8	 1.525	 0.00018
23566.2	 1.52502	 0.00018
23584.5	 1.52503	 0.00018
23602.9	 1.52505	 0.00018
23621.2	 1.52507	 0.00018
23639.5	 1.52509	 0.00018
23657.9	 1.52511	 0.00018
23676.2	 1.52512	 0.00018
23694.6	 1.52514	 0.00018
23712.9	 1.52516	 0.00018
23731.2	 1.52518	 0.00018
23749.6	 1.5252	 0.00018
23767.9	 1.52522	 0.00018
23786.3	 1.52523	 0.00018
23804.6	 1.52525	 0.00018
23822.9	 1.52527	 0.00018
23841.3	 1.52529	 0.00018
23859.6	 1.52531	 0.00019
23878	 1.52532	 0.00019
23896.3	 1.52534	 0.00019
23914.6	 1.52536	 0.00019
23933	 1.52538	 0.00019
23951.3	 1.5254	 0.00019
23969.7	 1.52542	 0.00019
23988	 1.52543	 0.00019
24006.3	 1.52545	 0.00019
24024.7	 1.52547	 0.00019
24043	 1.52549	 0.00019
24061.4	 1.52551	 0.00019
24079.7	 1.52553	 0.00019
24098	 1.52555	 0.00019
24116.4	 1.52557	 0.00019
24134.7	 1.52558	 0.00019
24153.1	 1.5256	 0.00019
24171.4	 1.52562	 0.00019
24189.7	 1.52564	 0.00019
24208.1	 1.52566	 0.00019
24226.4	 1.52568	 0.00019
24244.7	 1.5257	 0.00019
24263.1	 1.52571	 0.00019
24281.4	 1.52573	 0.00019
24299.8	 1.52575	 0.00019
24318.1	 1.52577	 0.00019
24336.4	 1.52579	 0.00019
24354.8	 1.52581	 0.00019
24373.1	 1.52583	 0.00019
24391.5	 1.52585	 0.00019
24409.8	 1.52587	 0.00019
24428.1	 1.52588	 0.00019
24446.5	 1.5259	 0.00019
24464.8	 1.52592	 0.00019
24483.2	 1.52594	 0.00019
24501.5	 1.52596	 0.00019
24519.8	 1.52598	 0.00019
24538.2	 1.526	 0.00019
24556.5	 1.52602	 0.00019
24574.9	 1.52604	 0.0002
24593.2	 1.52606	 0.0002
24611.5	 1.52608	 0.0002
24629.9	 1.5261	 0.0002
24648.2	 1.52612	 0.0002
24666.6	 1.52614	 0.0002
24684.9	 1.52615	 0.0002
24703.2	 1.52617	 0.0002
24721.6	 1.52619	 0.0002
24739.9	 1.52621	 0.0002
24758.3	 1.52623	 0.0002
24776.6	 1.52625	 0.0002
24794.9	 1.52627	 0.0002
24813.3	 1.52629	 0.0002
24831.6	 1.52631	 0.0002
24849.9	 1.52633	 0.0002
24868.3	 1.52635	 0.0002
24886.6	 1.52637	 0.0002
24905	 1.52639	 0.0002
24923.3	 1.52641	 0.0002
24941.6	 1.52643	 0.0002
24960	 1.52645	 0.0002
24978.3	 1.52647	 0.0002
24996.7	 1.52649	 0.0002
25015	 1.52651	 0.0002
25033.3	 1.52653	 0.0002
25051.7	 1.52655	 0.0002
25070	 1.52657	 0.0002
25088.4	 1.52659	 0.0002
25106.7	 1.52661	 0.0002
25125	 1.52663	 0.0002
25143.4	 1.52665	 0.0002
25161.7	 1.52667	 0.0002
25180.1	 1.52669	 0.0002
25198.4	 1.52671	 0.0002
25216.7	 1.52673	 0.0002
25235.1	 1.52675	 0.0002
25253.4	 1.52677	 0.00021
25271.8	 1.52679	 0.00021
25290.1	 1.52681	 0.00021
25308.4	 1.52683	 0.00021
25326.8	 1.52685	 0.00021
25345.1	 1.52687	 0.00021
25363.5	 1.52689	 0.00021
25381.8	 1.52691	 0.00021
25400.1	 1.52693	 0.00021
25418.5	 1.52695	 0.00021
25436.8	 1.52697	 0.00021
25455.2	 1.52699	 0.00021
25473.5	 1.52701	 0.00021
25491.8	 1.52703	 0.00021
25510.2	 1.52705	 0.00021
25528.5	 1.52707	 0.00021
25546.8	 1.52709	 0.00021
25565.2	 1.52711	 0.00021
25583.5	 1.52714	 0.00021
25601.9	 1.52716	 0.00021
25620.2	 1.52718	 0.00021
25638.5	 1.5272	 0.00021
25656.9	 1.52722	 0.00021
25675.2	 1.52724	 0.00021
25693.6	 1.52726	 0.00021
25711.9	 1.52728	 0.00021
25730.2	 1.5273	 0.00021
25748.6	 1.52732	 0.00021
25766.9	 1.52734	 0.00021
25785.3	 1.52736	 0.00021
25803.6	 1.52738	 0.00021
25821.9	 1.52741	 0.00021
25840.3	 1.52743	 0.00021
25858.6	 1.52745	 0.00021
25877	 1.52747	 0.00021
25895.3	 1.52749	 0.00022
25913.6	 1.52751	 0.00022
25932	 1.52753	 0.00022
25950.3	 1.52755	 0.00022
25968.7	 1.52757	 0.00022
25987	 1.5276	 0.00022
26005.3	 1.52762	 0.00022
26023.7	 1.52764	 0.00022
26042	 1.52766	 0.00022
26060.4	 1.52768	 0.00022
26078.7	 1.5277	 0.00022
26097	 1.52772	 0.00022
26115.4	 1.52775	 0.00022
26133.7	 1.52777	 0.00022
26152.1	 1.52779	 0.00022
26170.4	 1.52781	 0.00022
26188.7	 1.52783	 0.00022
26207.1	 1.52785	 0.00022
26225.4	 1.52788	 0.00022
26243.7	 1.5279	 0.00022
26262.1	 1.52792	 0.00022
26280.4	 1.52794	 0.00022
26298.8	 1.52796	 0.00022
26317.1	 1.52798	 0.00022
26335.4	 1.52801	 0.00022
26353.8	 1.52803	 0.00022
26372.1	 1.52805	 0.00022
26390.5	 1.52807	 0.00022
26408.8	 1.52809	 0.00022
26427.1	 1.52811	 0.00022
26445.5	 1.52814	 0.00022
26463.8	 1.52816	 0.00022
26482.2	 1.52818	 0.00022
26500.5	 1.5282	 0.00022
26518.8	 1.52822	 0.00023
26537.2	 1.52825	 0.00023
26555.5	 1.52827	 0.00023
26573.9	 1.52829	 0.00023
26592.2	 1.52831	 0.00023
26610.5	 1.52834	 0.00023
26628.9	 1.52836	 0.00023
26647.2	 1.52838	 0.00023
26665.6	 1.5284	 0.00023
26683.9	 1.52842	 0.00023
26702.2	 1.52845	 0.00023
26720.6	 1.52847	 0.00023
26738.9	 1.52849	 0.00023
26757.3	 1.52852	 0.00023
26775.6	 1.52854	 0.00023
26793.9	 1.52856	 0.00023
26812.3	 1.52858	 0.00023
26830.6	 1.5286	 0.00023
26848.9	 1.52863	 0.00023
26867.3	 1.52865	 0.00023
26885.6	 1.52867	 0.00023
26904	 1.5287	 0.00023
26922.3	 1.52872	 0.00023
26940.6	 1.52874	 0.00023
26959	 1.52876	 0.00023
26977.3	 1.52879	 0.00023
26995.7	 1.52881	 0.00023
27014	 1.52883	 0.00023
27032.3	 1.52886	 0.00023
27050.7	 1.52888	 0.00023
27069	 1.5289	 0.00023
27087.4	 1.52892	 0.00024
27105.7	 1.52895	 0.00024
27124	 1.52897	 0.00024
27142.4	 1.52899	 0.00024
27160.7	 1.52902	 0.00024
27179.1	 1.52904	 0.00024
27197.4	 1.52906	 0.00024
27215.7	 1.52908	 0.00024
27234.1	 1.52911	 0.00024
27252.4	 1.52913	 0.00024
27270.8	 1.52916	 0.00024
27289.1	 1.52918	 0.00024
27307.4	 1.5292	 0.00024
27325.8	 1.52923	 0.00024
27344.1	 1.52925	 0.00024
27362.5	 1.52927	 0.00024
27380.8	 1.5293	 0.00024
27399.1	 1.52932	 0.00024
27417.5	 1.52934	 0.00024
27435.8	 1.52937	 0.00024
27454.2	 1.52939	 0.00024
27472.5	 1.52942	 0.00024
27490.8	 1.52944	 0.00024
27509.2	 1.52946	 0.00024
27527.5	 1.52949	 0.00024
27545.8	 1.52951	 0.00024
27564.2	 1.52953	 0.00024
27582.5	 1.52956	 0.00024
27600.9	 1.52958	 0.00024
27619.2	 1.5296	 0.00024
27637.5	 1.52963	 0.00025
27655.9	 1.52965	 0.00025
27674.2	 1.52968	 0.00025
27692.6	 1.5297	 0.00025
27710.9	 1.52973	 0.00025
27729.2	 1.52975	 0.00025
27747.6	 1.52977	 0.00025
27765.9	 1.5298	 0.00025
27784.3	 1.52982	 0.00025
27802.6	 1.52985	 0.00025
27820.9	 1.52987	 0.00025
27839.3	 1.52989	 0.00025
27857.6	 1.52992	 0.00025
27876	 1.52994	 0.00025
27894.3	 1.52997	 0.00025
27912.6	 1.52999	 0.00025
27931	 1.53002	 0.00025
27949.3	 1.53004	 0.00025
27967.7	 1.53007	 0.00025
27986	 1.53009	 0.00025
28004.3	 1.53011	 0.00025
28022.7	 1.53014	 0.00025
28041	 1.53016	 0.00025
28059.4	 1.53019	 0.00025
28077.7	 1.53022	 0.00025
28096	 1.53024	 0.00025
28114.4	 1.53026	 0.00025
28132.7	 1.53029	 0.00025
28151.1	 1.53031	 0.00025
28169.4	 1.53034	 0.00025
28187.7	 1.53036	 0.00025
28206.1	 1.53039	 0.00025
28224.4	 1.53041	 0.00025
28242.7	 1.53044	 0.00025
28261.1	 1.53046	 0.00025
28279.4	 1.53049	 0.00025
28297.8	 1.53051	 0.00026
28316.1	 1.53054	 0.00026
28334.4	 1.53056	 0.00026
28352.8	 1.53059	 0.00026
28371.1	 1.53061	 0.00026
28389.5	 1.53064	 0.00026
28407.8	 1.53067	 0.00026
28426.1	 1.53069	 0.00026
28444.5	 1.53072	 0.00026
28462.8	 1.53074	 0.00026
28481.2	 1.53077	 0.00026
28499.5	 1.53079	 0.00026
28517.8	 1.53082	 0.00026
28536.2	 1.53084	 0.00026
28554.5	 1.53087	 0.00026
28572.9	 1.53089	 0.00026
28591.2	 1.53092	 0.00026
28609.5	 1.53095	 0.00026
28627.9	 1.53097	 0.00026
28646.2	 1.531	 0.00026
28664.6	 1.53103	 0.00026
28682.9	 1.53105	 0.00026
28701.2	 1.53107	 0.00026
28719.6	 1.5311	 0.00026
28737.9	 1.53113	 0.00026
28756.3	 1.53115	 0.00026
28774.6	 1.53118	 0.00026
28792.9	 1.53121	 0.00027
28811.3	 1.53123	 0.00027
28829.6	 1.53126	 0.00027
28847.9	 1.53128	 0.00027
28866.3	 1.53131	 0.00027
28884.6	 1.53134	 0.00027
28903	 1.53136	 0.00027
28921.3	 1.53139	 0.00027
28939.6	 1.53142	 0.00027
28958	 1.53144	 0.00027
28976.3	 1.53147	 0.00027
28994.7	 1.5315	 0.00027
29013	 1.53152	 0.00027
29031.3	 1.53155	 0.00027
29049.7	 1.53157	 0.00027
29068	 1.5316	 0.00027
29086.4	 1.53163	 0.00027
29104.7	 1.53166	 0.00027
29123	 1.53168	 0.00027
29141.4	 1.53171	 0.00027
29159.7	 1.53174	 0.00027
29178.1	 1.53176	 0.00027
29196.4	 1.53179	 0.00027
29214.7	 1.53182	 0.00027
29233.1	 1.53184	 0.00027
29251.4	 1.53187	 0.00027
29269.8	 1.5319	 0.00028
29288.1	 1.53192	 0.00028
29306.4	 1.53195	 0.00028
29324.8	 1.53198	 0.00028
29343.1	 1.53201	 0.00028
29361.5	 1.53203	 0.00028
29379.8	 1.53206	 0.00028
29398.1	 1.53209	 0.00028
29416.5	 1.53212	 0.00028
29434.8	 1.53214	 0.00028
29453.2	 1.53217	 0.00028
29471.5	 1.5322	 0.00028
29489.8	 1.53223	 0.00028
29508.2	 1.53225	 0.00028
29526.5	 1.53228	 0.00028
29544.8	 1.53231	 0.00028
29563.2	 1.53233	 0.00028
29581.5	 1.53236	 0.00028
29599.9	 1.53239	 0.00028
29618.2	 1.53242	 0.00028
29636.5	 1.53245	 0.00028
29654.9	 1.53248	 0.00028
29673.2	 1.5325	 0.00028
29691.6	 1.53253	 0.00028
29709.9	 1.53256	 0.00029
29728.2	 1.53259	 0.00029
29746.6	 1.53261	 0.00029
29764.9	 1.53264	 0.00029
29783.3	 1.53267	 0.00029
29801.6	 1.5327	 0.00029
29819.9	 1.53273	 0.00029
29838.3	 1.53276	 0.00029
29856.6	 1.53278	 0.00029
29875	 1.53281	 0.00029
29893.3	 1.53284	 0.00029
29911.6	 1.53287	 0.00029
29930	 1.5329	 0.00029
29948.3	 1.53293	 0.00029
29966.7	 1.53295	 0.00029
29985	 1.53298	 0.00029
30003.3	 1.53301	 0.00029
30021.7	 1.53304	 0.00029
30040	 1.53307	 0.00029
30058.4	 1.5331	 0.00029
30076.7	 1.53313	 0.00029
30095	 1.53316	 0.00029
30113.4	 1.53319	 0.00029
30131.7	 1.53321	 0.0003
30150.1	 1.53324	 0.0003
30168.4	 1.53327	 0.0003
30186.7	 1.5333	 0.0003
30205.1	 1.53333	 0.0003
30223.4	 1.53336	 0.0003
30241.7	 1.53339	 0.0003
30260.1	 1.53342	 0.0003
30278.4	 1.53345	 0.0003
30296.8	 1.53348	 0.0003
30315.1	 1.53351	 0.0003
30333.4	 1.53353	 0.0003
30351.8	 1.53356	 0.0003
30370.1	 1.53359	 0.0003
30388.5	 1.53362	 0.0003
30406.8	 1.53365	 0.0003
30425.1	 1.53368	 0.0003
30443.5	 1.53371	 0.0003
30461.8	 1.53374	 0.0003
30480.2	 1.53377	 0.0003
30498.5	 1.5338	 0.0003
30516.8	 1.53383	 0.0003
30535.2	 1.53386	 0.0003
30553.5	 1.53389	 0.00031
30571.9	 1.53392	 0.00031
30590.2	 1.53395	 0.00031
30608.5	 1.53398	 0.00031
30626.9	 1.53401	 0.00031
30645.2	 1.53404	 0.00031
30663.6	 1.53407	 0.00031
30681.9	 1.5341	 0.00031
30700.2	 1.53413	 0.00031
30718.6	 1.53416	 0.00031
30736.9	 1.53419	 0.00031
30755.3	 1.53422	 0.00031
30773.6	 1.53425	 0.00031
30791.9	 1.53428	 0.00031
30810.3	 1.53431	 0.00031
30828.6	 1.53434	 0.00031
30846.9	 1.53437	 0.00031
30865.3	 1.5344	 0.00031
30883.6	 1.53443	 0.00031
30902	 1.53447	 0.00031
30920.3	 1.5345	 0.00031
30938.6	 1.53453	 0.00032
30957	 1.53456	 0.00032
30975.3	 1.53459	 0.00032
30993.7	 1.53462	 0.00032
31012	 1.53465	 0.00032
31030.3	 1.53468	 0.00032
31048.7	 1.53471	 0.00032
31067	 1.53474	 0.00032
31085.4	 1.53478	 0.00032
31103.7	 1.53481	 0.00032
31122	 1.53484	 0.00032
31140.4	 1.53487	 0.00032
31158.7	 1.5349	 0.00032
31177.1	 1.53493	 0.00032
31195.4	 1.53496	 0.00032
31213.7	 1.53499	 0.00032
31232.1	 1.53503	 0.00032
31250.4	 1.53506	 0.00032
31268.8	 1.53509	 0.00032
31287.1	 1.53512	 0.00032
31305.4	 1.53515	 0.00032
31323.8	 1.53519	 0.00032
31342.1	 1.53522	 0.00033
31360.5	 1.53525	 0.00033
31378.8	 1.53528	 0.00033
31397.1	 1.53531	 0.00033
31415.5	 1.53534	 0.00033
31433.8	 1.53538	 0.00033
31452.2	 1.53541	 0.00033
31470.5	 1.53544	 0.00033
31488.8	 1.53547	 0.00033
31507.2	 1.53551	 0.00033
31525.5	 1.53554	 0.00033
31543.8	 1.53557	 0.00033
31562.2	 1.5356	 0.00033
31580.5	 1.53564	 0.00033
31598.9	 1.53567	 0.00033
31617.2	 1.5357	 0.00033
31635.5	 1.53573	 0.00033
31653.9	 1.53577	 0.00033
31672.2	 1.5358	 0.00033
31690.6	 1.53583	 0.00033
31708.9	 1.53586	 0.00034
31727.2	 1.5359	 0.00034
31745.6	 1.53593	 0.00034
31763.9	 1.53596	 0.00034
31782.3	 1.53599	 0.00034
31800.6	 1.53603	 0.00034
31818.9	 1.53606	 0.00034
31837.3	 1.53609	 0.00034
31855.6	 1.53613	 0.00034
31874	 1.53616	 0.00034
31892.3	 1.53619	 0.00034
31910.6	 1.53622	 0.00034
31929	 1.53626	 0.00034
31947.3	 1.53629	 0.00034
31965.7	 1.53633	 0.00034
31984	 1.53636	 0.00034
32002.3	 1.53639	 0.00034
32020.7	 1.53643	 0.00034
32039	 1.53646	 0.00034
32057.4	 1.53649	 0.00034
32075.7	 1.53653	 0.00034
32094	 1.53656	 0.00034
32112.4	 1.5366	 0.00034
32130.7	 1.53663	 0.00034
32149	 1.53666	 0.00035
32167.4	 1.5367	 0.00035
32185.7	 1.53673	 0.00035
32204.1	 1.53677	 0.00035
32222.4	 1.5368	 0.00035
32240.7	 1.53683	 0.00035
32259.1	 1.53687	 0.00035
32277.4	 1.5369	 0.00035
32295.8	 1.53694	 0.00035
32314.1	 1.53697	 0.00035
32332.4	 1.53701	 0.00035
32350.8	 1.53704	 0.00035
32369.1	 1.53707	 0.00035
32387.5	 1.53711	 0.00035
32405.8	 1.53714	 0.00035
32424.1	 1.53718	 0.00035
32442.5	 1.53721	 0.00035
32460.8	 1.53725	 0.00035
32479.2	 1.53728	 0.00036
32497.5	 1.53732	 0.00036
32515.8	 1.53735	 0.00036
32534.2	 1.53739	 0.00036
32552.5	 1.53742	 0.00036
32570.9	 1.53746	 0.00036
32589.2	 1.53749	 0.00036
32607.5	 1.53753	 0.00036
32625.9	 1.53756	 0.00036
32644.2	 1.5376	 0.00036
32662.6	 1.53763	 0.00036
32680.9	 1.53767	 0.00036
32699.2	 1.5377	 0.00036
32717.6	 1.53774	 0.00036
32735.9	 1.53778	 0.00036
32754.3	 1.53781	 0.00036
32772.6	 1.53785	 0.00036
32790.9	 1.53788	 0.00036
32809.3	 1.53792	 0.00037
32827.6	 1.53796	 0.00037
32845.9	 1.53799	 0.00037
32864.3	 1.53803	 0.00037
32882.6	 1.53806	 0.00037
32901	 1.5381	 0.00037
32919.3	 1.53813	 0.00037
32937.6	 1.53817	 0.00037
32956	 1.53821	 0.00037
32974.3	 1.53824	 0.00037
32992.7	 1.53828	 0.00037
33011	 1.53832	 0.00037
33029.3	 1.53835	 0.00037
33047.7	 1.53839	 0.00037
33066	 1.53843	 0.00037
33084.4	 1.53846	 0.00037
33102.7	 1.5385	 0.00037
33121	 1.53854	 0.00038
33139.4	 1.53857	 0.00038
33157.7	 1.53861	 0.00038
33176.1	 1.53865	 0.00038
33194.4	 1.53868	 0.00038
33212.7	 1.53872	 0.00038
33231.1	 1.53876	 0.00038
33249.4	 1.5388	 0.00038
33267.8	 1.53883	 0.00038
33286.1	 1.53887	 0.00038
33304.4	 1.53891	 0.00038
33322.8	 1.53894	 0.00038
33341.1	 1.53898	 0.00038
33359.5	 1.53902	 0.00038
33377.8	 1.53906	 0.00038
33396.1	 1.5391	 0.00038
33414.5	 1.53913	 0.00039
33432.8	 1.53917	 0.00039
33451.1	 1.53921	 0.00039
33469.5	 1.53925	 0.00039
33487.8	 1.53928	 0.00039
33506.2	 1.53932	 0.00039
33524.5	 1.53936	 0.00039
33542.8	 1.5394	 0.00039
33561.2	 1.53944	 0.00039
33579.5	 1.53947	 0.00039
33597.9	 1.53951	 0.00039
33616.2	 1.53955	 0.00039
33634.5	 1.53959	 0.00039
33652.9	 1.53963	 0.00039
33671.2	 1.53967	 0.00039
33689.6	 1.5397	 0.00039
33707.9	 1.53974	 0.0004
33726.2	 1.53978	 0.0004
33744.6	 1.53982	 0.0004
33762.9	 1.53986	 0.0004
33781.3	 1.5399	 0.0004
33799.6	 1.53994	 0.0004
33817.9	 1.53998	 0.0004
33836.3	 1.54001	 0.0004
33854.6	 1.54005	 0.0004
33873	 1.54009	 0.0004
33891.3	 1.54013	 0.0004
33909.6	 1.54017	 0.0004
33928	 1.54021	 0.0004
33946.3	 1.54025	 0.0004
33964.7	 1.54029	 0.0004
33983	 1.54033	 0.00041
34001.3	 1.54037	 0.00041
34019.7	 1.54041	 0.00041
34038	 1.54045	 0.00041
34056.4	 1.54049	 0.00041
34074.7	 1.54053	 0.00041
34093	 1.54057	 0.00041
34111.4	 1.54061	 0.00041
34129.7	 1.54065	 0.00041
34148.1	 1.54069	 0.00041
34166.4	 1.54073	 0.00041
34184.7	 1.54077	 0.00041
34203.1	 1.54081	 0.00041
34221.4	 1.54085	 0.00041
34239.7	 1.54089	 0.00041
34258.1	 1.54093	 0.00041
34276.4	 1.54097	 0.00042
34294.8	 1.54101	 0.00042
34313.1	 1.54105	 0.00042
34331.4	 1.54109	 0.00042
34349.8	 1.54113	 0.00042
34368.1	 1.54117	 0.00042
34386.5	 1.54122	 0.00042
34404.8	 1.54126	 0.00042
34423.1	 1.5413	 0.00042
34441.5	 1.54134	 0.00042
34459.8	 1.54138	 0.00042
34478.2	 1.54142	 0.00042
34496.5	 1.54146	 0.00042
34514.8	 1.5415	 0.00042
34533.2	 1.54155	 0.00042
34551.5	 1.54159	 0.00042
34569.9	 1.54163	 0.00042
34588.2	 1.54167	 0.00042
34606.5	 1.54171	 0.00043
34624.9	 1.54175	 0.00043
34643.2	 1.5418	 0.00043
34661.6	 1.54184	 0.00043
34679.9	 1.54188	 0.00043
34698.2	 1.54192	 0.00043
34716.6	 1.54196	 0.00043
34734.9	 1.54201	 0.00043
34753.3	 1.54205	 0.00043
34771.6	 1.54209	 0.00043
34789.9	 1.54213	 0.00043
34808.3	 1.54218	 0.00043
34826.6	 1.54222	 0.00043
34844.9	 1.54226	 0.00043
34863.3	 1.5423	 0.00044
34881.6	 1.54235	 0.00044
34900	 1.54239	 0.00044
34918.3	 1.54243	 0.00044
34936.6	 1.54247	 0.00044
34955	 1.54252	 0.00044
34973.3	 1.54256	 0.00044
34991.7	 1.5426	 0.00044
35010	 1.54265	 0.00044
35028.3	 1.54269	 0.00044
35046.7	 1.54273	 0.00044
35065	 1.54278	 0.00044
35083.4	 1.54282	 0.00044
35101.7	 1.54287	 0.00045
35120	 1.54291	 0.00045
35138.4	 1.54295	 0.00045
35156.7	 1.543	 0.00045
35175.1	 1.54304	 0.00045
35193.4	 1.54308	 0.00045
35211.7	 1.54313	 0.00045
35230.1	 1.54317	 0.00045
35248.4	 1.54322	 0.00045
35266.8	 1.54326	 0.00045
35285.1	 1.5433	 0.00045
35303.4	 1.54335	 0.00045
35321.8	 1.54339	 0.00045
35340.1	 1.54344	 0.00046
35358.5	 1.54348	 0.00046
35376.8	 1.54353	 0.00046
35395.1	 1.54357	 0.00046
35413.5	 1.54362	 0.00046
35431.8	 1.54366	 0.00046
35450.1	 1.54371	 0.00046
35468.5	 1.54375	 0.00046
35486.8	 1.54379	 0.00046
35505.2	 1.54384	 0.00046
35523.5	 1.54389	 0.00046
35541.8	 1.54393	 0.00046
35560.2	 1.54398	 0.00047
35578.5	 1.54402	 0.00047
35596.9	 1.54407	 0.00047
35615.2	 1.54412	 0.00047
35633.5	 1.54416	 0.00047
35651.9	 1.54421	 0.00047
35670.2	 1.54425	 0.00047
35688.6	 1.5443	 0.00047
35706.9	 1.54434	 0.00047
35725.2	 1.54439	 0.00047
35743.6	 1.54444	 0.00047
35761.9	 1.54448	 0.00047
35780.3	 1.54453	 0.00047
35798.6	 1.54457	 0.00048
35816.9	 1.54462	 0.00048
35835.3	 1.54467	 0.00048
35853.6	 1.54471	 0.00048
35872	 1.54476	 0.00048
35890.3	 1.54481	 0.00048
35908.6	 1.54485	 0.00048
35927	 1.5449	 0.00048
35945.3	 1.54495	 0.00048
35963.7	 1.545	 0.00048
35982	 1.54504	 0.00048
36000.3	 1.54509	 0.00048
36018.7	 1.54514	 0.00048
36037	 1.54518	 0.00049
36055.4	 1.54523	 0.00049
36073.7	 1.54528	 0.00049
36092	 1.54533	 0.00049
36110.4	 1.54538	 0.00049
36128.7	 1.54542	 0.00049
36147.1	 1.54547	 0.00049
36165.4	 1.54552	 0.00049
36183.7	 1.54557	 0.00049
36202.1	 1.54561	 0.00049
36220.4	 1.54566	 0.00049
36238.7	 1.54571	 0.00049
36257.1	 1.54576	 0.00049
36275.4	 1.54581	 0.00049
36293.8	 1.54586	 0.0005
36312.1	 1.54591	 0.0005
36330.4	 1.54595	 0.0005
36348.8	 1.546	 0.0005
36367.1	 1.54605	 0.0005
36385.5	 1.5461	 0.0005
36403.8	 1.54615	 0.0005
36422.1	 1.5462	 0.0005
36440.5	 1.54625	 0.0005
36458.8	 1.5463	 0.0005
36477.2	 1.54635	 0.0005
36495.5	 1.5464	 0.00051
36513.8	 1.54645	 0.00051
36532.2	 1.5465	 0.00051
36550.5	 1.54655	 0.00051
36568.9	 1.5466	 0.00051
36587.2	 1.54665	 0.00051
36605.5	 1.5467	 0.00051
36623.9	 1.54675	 0.00051
36642.2	 1.5468	 0.00051
36660.6	 1.54685	 0.00051
36678.9	 1.5469	 0.00051
36697.2	 1.54695	 0.00052
36715.6	 1.547	 0.00052
36733.9	 1.54705	 0.00052
36752.3	 1.5471	 0.00052
36770.6	 1.54715	 0.00052
36788.9	 1.5472	 0.00052
36807.3	 1.54725	 0.00052
36825.6	 1.5473	 0.00052
36843.9	 1.54735	 0.00052
36862.3	 1.5474	 0.00052
36880.6	 1.54746	 0.00053
36899	 1.54751	 0.00053
36917.3	 1.54756	 0.00053
36935.6	 1.54761	 0.00053
36954	 1.54766	 0.00053
36972.3	 1.54772	 0.00053
36990.7	 1.54777	 0.00053
37009	 1.54782	 0.00053
37027.3	 1.54787	 0.00053
37045.7	 1.54792	 0.00053
37064	 1.54797	 0.00053
37082.4	 1.54803	 0.00054
37100.7	 1.54808	 0.00054
37119	 1.54813	 0.00054
37137.4	 1.54818	 0.00054
37155.7	 1.54824	 0.00054
37174.1	 1.54829	 0.00054
37192.4	 1.54834	 0.00054
37210.7	 1.5484	 0.00054
37229.1	 1.54845	 0.00054
37247.4	 1.5485	 0.00054
37265.8	 1.54855	 0.00055
37284.1	 1.54861	 0.00055
37302.4	 1.54866	 0.00055
37320.8	 1.54872	 0.00055
37339.1	 1.54877	 0.00055
37357.5	 1.54882	 0.00055
37375.8	 1.54887	 0.00055
37394.1	 1.54893	 0.00055
37412.5	 1.54898	 0.00055
37430.8	 1.54904	 0.00055
37449.1	 1.54909	 0.00055
37467.5	 1.54915	 0.00056
37485.8	 1.5492	 0.00056
37504.2	 1.54925	 0.00056
37522.5	 1.54931	 0.00056
37540.8	 1.54936	 0.00056
37559.2	 1.54942	 0.00056
37577.5	 1.54947	 0.00056
37595.9	 1.54953	 0.00056
37614.2	 1.54958	 0.00056
37632.5	 1.54964	 0.00056
37650.9	 1.54969	 0.00056
37669.2	 1.54975	 0.00057
37687.6	 1.5498	 0.00057
37705.9	 1.54986	 0.00057
37724.2	 1.54992	 0.00057
37742.6	 1.54997	 0.00057
37760.9	 1.55003	 0.00057
37779.3	 1.55008	 0.00057
37797.6	 1.55014	 0.00057
37815.9	 1.5502	 0.00057
37834.3	 1.55025	 0.00058
37852.6	 1.55031	 0.00058
37871	 1.55036	 0.00058
37889.3	 1.55042	 0.00058
37907.6	 1.55048	 0.00058
37926	 1.55054	 0.00058
37944.3	 1.55059	 0.00058
37962.7	 1.55065	 0.00058
37981	 1.55071	 0.00058
37999.3	 1.55076	 0.00059
38017.7	 1.55082	 0.00059
38036	 1.55088	 0.00059
38054.4	 1.55094	 0.00059
38072.7	 1.55099	 0.00059
38091	 1.55105	 0.00059
38109.4	 1.55111	 0.00059
38127.7	 1.55117	 0.00059
38146	 1.55123	 0.00059
38164.4	 1.55128	 0.0006
38182.7	 1.55134	 0.0006
38201.1	 1.5514	 0.0006
38219.4	 1.55146	 0.0006
38237.7	 1.55152	 0.0006
38256.1	 1.55157	 0.0006
38274.4	 1.55163	 0.0006
38292.8	 1.55169	 0.0006
38311.1	 1.55175	 0.0006
38329.4	 1.55181	 0.00061
38347.8	 1.55187	 0.00061
38366.1	 1.55193	 0.00061
38384.5	 1.55199	 0.00061
38402.8	 1.55205	 0.00061
38421.1	 1.55211	 0.00061
38439.5	 1.55217	 0.00061
38457.8	 1.55223	 0.00061
38476.2	 1.55229	 0.00061
38494.5	 1.55235	 0.00062
38512.8	 1.55241	 0.00062
38531.2	 1.55247	 0.00062
38549.5	 1.55253	 0.00062
38567.9	 1.55259	 0.00062
38586.2	 1.55265	 0.00062
38604.5	 1.55271	 0.00062
38622.9	 1.55277	 0.00062
38641.2	 1.55283	 0.00062
38659.6	 1.55289	 0.00062
38677.9	 1.55295	 0.00063
38696.2	 1.55301	 0.00063
38714.6	 1.55308	 0.00063
38732.9	 1.55314	 0.00063
38751.3	 1.5532	 0.00063
38769.6	 1.55326	 0.00063
38787.9	 1.55332	 0.00063
38806.3	 1.55339	 0.00063
38824.6	 1.55345	 0.00064
38842.9	 1.55351	 0.00064
38861.3	 1.55357	 0.00064
38879.6	 1.55363	 0.00064
38898	 1.5537	 0.00064
38916.3	 1.55376	 0.00064
38934.6	 1.55382	 0.00064
38953	 1.55388	 0.00064
38971.3	 1.55395	 0.00065
38989.7	 1.55401	 0.00065
39008	 1.55407	 0.00065
39026.3	 1.55414	 0.00065
39044.7	 1.5542	 0.00065
39063	 1.55426	 0.00065
39081.4	 1.55433	 0.00065
39099.7	 1.55439	 0.00065
39118	 1.55446	 0.00066
39136.4	 1.55452	 0.00066
39154.7	 1.55459	 0.00066
39173.1	 1.55465	 0.00066
39191.4	 1.55472	 0.00066
39209.7	 1.55478	 0.00066
39228.1	 1.55484	 0.00066
39246.4	 1.55491	 0.00067
39264.8	 1.55497	 0.00067
39283.1	 1.55504	 0.00067
39301.4	 1.5551	 0.00067
39319.8	 1.55517	 0.00067
39338.1	 1.55524	 0.00067
39356.5	 1.5553	 0.00067
39374.8	 1.55537	 0.00067
39393.1	 1.55543	 0.00068
39411.5	 1.5555	 0.00068
39429.8	 1.55556	 0.00068
39448.1	 1.55563	 0.00068
39466.5	 1.5557	 0.00068
39484.8	 1.55576	 0.00068
39503.2	 1.55583	 0.00068
39521.5	 1.5559	 0.00068
39539.8	 1.55597	 0.00068
39558.2	 1.55603	 0.00069
39576.5	 1.5561	 0.00069
39594.9	 1.55616	 0.00069
39613.2	 1.55623	 0.00069
39631.5	 1.5563	 0.00069
39649.9	 1.55637	 0.00069
39668.2	 1.55644	 0.00069
39686.6	 1.55651	 0.0007
39704.9	 1.55657	 0.0007
39723.2	 1.55664	 0.0007
39741.6	 1.55671	 0.0007
39759.9	 1.55678	 0.0007
39778.3	 1.55685	 0.0007
39796.6	 1.55692	 0.0007
39814.9	 1.55698	 0.00071
39833.3	 1.55705	 0.00071
39851.6	 1.55712	 0.00071
39870	 1.55719	 0.00071
39888.3	 1.55726	 0.00071
39906.6	 1.55733	 0.00071
39925	 1.5574	 0.00071
39943.3	 1.55747	 0.00072
39961.7	 1.55754	 0.00072
39980	 1.55761	 0.00072
39998.3	 1.55768	 0.00072
40016.7	 1.55775	 0.00072
40035	 1.55782	 0.00072
40053.4	 1.55789	 0.00072
40071.7	 1.55796	 0.00073
40090	 1.55803	 0.00073
40108.4	 1.55811	 0.00073
40126.7	 1.55818	 0.00073
40145	 1.55825	 0.00073
40163.4	 1.55832	 0.00073
40181.7	 1.55839	 0.00073
40200.1	 1.55846	 0.00073
40218.4	 1.55854	 0.00074
40236.7	 1.55861	 0.00074
40255.1	 1.55868	 0.00074
40273.4	 1.55875	 0.00074
40291.8	 1.55883	 0.00074
40310.1	 1.5589	 0.00074
40328.4	 1.55897	 0.00075
40346.8	 1.55904	 0.00075
40365.1	 1.55912	 0.00075
40383.5	 1.55919	 0.00075
40401.8	 1.55926	 0.00075
40420.1	 1.55934	 0.00075
40438.5	 1.55941	 0.00076
40456.8	 1.55949	 0.00076
40475.2	 1.55956	 0.00076
40493.5	 1.55963	 0.00076
40511.8	 1.55971	 0.00076
40530.2	 1.55978	 0.00076
40548.5	 1.55986	 0.00077
40566.9	 1.55993	 0.00077
40585.2	 1.56001	 0.00077
40603.5	 1.56008	 0.00077
40621.9	 1.56016	 0.00077
40640.2	 1.56023	 0.00077
40658.6	 1.56031	 0.00078
40676.9	 1.56038	 0.00078
40695.2	 1.56046	 0.00078
40713.6	 1.56054	 0.00078
40731.9	 1.56061	 0.00078
40750.3	 1.56069	 0.00078
40768.6	 1.56076	 0.00078
40786.9	 1.56084	 0.00078
40805.3	 1.56092	 0.00079
40823.6	 1.561	 0.00079
40841.9	 1.56107	 0.00079
40860.3	 1.56115	 0.00079
40878.6	 1.56123	 0.00079
40897	 1.56131	 0.00079
40915.3	 1.56138	 0.0008
40933.6	 1.56146	 0.0008
40952	 1.56154	 0.0008
40970.3	 1.56162	 0.0008
40988.7	 1.5617	 0.0008
41007	 1.56178	 0.00081
41025.3	 1.56185	 0.00081
41043.7	 1.56193	 0.00081
41062	 1.56201	 0.00081
41080.4	 1.56209	 0.00081
41098.7	 1.56217	 0.00081
41117	 1.56225	 0.00082
41135.4	 1.56233	 0.00082
41153.7	 1.56241	 0.00082
41172.1	 1.56249	 0.00082
41190.4	 1.56257	 0.00082
41208.7	 1.56265	 0.00083
41227.1	 1.56273	 0.00083
41245.4	 1.56281	 0.00083
41263.8	 1.56289	 0.00083
41282.1	 1.56298	 0.00083
41300.4	 1.56306	 0.00083
41318.8	 1.56314	 0.00083
41337.1	 1.56322	 0.00084
41355.5	 1.5633	 0.00084
41373.8	 1.56338	 0.00084
41392.1	 1.56347	 0.00084
41410.5	 1.56355	 0.00084
41428.8	 1.56363	 0.00085
41447.1	 1.56372	 0.00085
41465.5	 1.5638	 0.00085
41483.8	 1.56388	 0.00085
41502.2	 1.56396	 0.00085
41520.5	 1.56405	 0.00085
41538.8	 1.56413	 0.00086
41557.2	 1.56421	 0.00086
41575.5	 1.5643	 0.00086
41593.9	 1.56438	 0.00086
41612.2	 1.56447	 0.00086
41630.5	 1.56455	 0.00087
41648.9	 1.56464	 0.00087
41667.2	 1.56472	 0.00087
41685.6	 1.56481	 0.00087
41703.9	 1.56489	 0.00087
41722.2	 1.56498	 0.00087
41740.6	 1.56506	 0.00088
41758.9	 1.56515	 0.00088
41777.3	 1.56523	 0.00088
41795.6	 1.56532	 0.00088
41813.9	 1.56541	 0.00088
41832.3	 1.56549	 0.00089
41850.6	 1.56558	 0.00089
41869	 1.56567	 0.00089
41887.3	 1.56575	 0.00089
41905.6	 1.56584	 0.00089
41924	 1.56593	 0.0009
41942.3	 1.56602	 0.0009
41960.7	 1.56611	 0.0009
41979	 1.56619	 0.0009
41997.3	 1.56628	 0.0009
42015.7	 1.56637	 0.00091
42034	 1.56646	 0.00091
42052.4	 1.56655	 0.00091
42070.7	 1.56664	 0.00091
42089	 1.56673	 0.00092
42107.4	 1.56682	 0.00092
42125.7	 1.56691	 0.00092
42144	 1.567	 0.00092
42162.4	 1.56709	 0.00092
42180.7	 1.56718	 0.00092
42199.1	 1.56727	 0.00093
42217.4	 1.56736	 0.00093
42235.7	 1.56745	 0.00093
42254.1	 1.56754	 0.00093
42272.4	 1.56763	 0.00093
42290.8	 1.56772	 0.00094
42309.1	 1.56782	 0.00094
42327.4	 1.56791	 0.00094
42345.8	 1.568	 0.00094
42364.1	 1.56809	 0.00095
42382.5	 1.56819	 0.00095
42400.8	 1.56828	 0.00095
42419.1	 1.56837	 0.00095
42437.5	 1.56846	 0.00096
42455.8	 1.56856	 0.00096
42474.2	 1.56865	 0.00096
42492.5	 1.56874	 0.00096
42510.8	 1.56884	 0.00096
42529.2	 1.56893	 0.00097
42547.5	 1.56903	 0.00097
42565.9	 1.56912	 0.00097
42584.2	 1.56922	 0.00097
42602.5	 1.56931	 0.00097
42620.9	 1.56941	 0.00098
42639.2	 1.5695	 0.00098
42657.6	 1.5696	 0.00098
42675.9	 1.5697	 0.00098
42694.2	 1.56979	 0.00099
42712.6	 1.56989	 0.00099
42730.9	 1.56999	 0.00099
42749.3	 1.57008	 0.00099
42767.6	 1.57018	 0.001
42785.9	 1.57028	 0.001
42804.3	 1.57037	 0.001
42822.6	 1.57047	 0.001
42840.9	 1.57057	 0.00101
42859.3	 1.57067	 0.00101
42877.6	 1.57077	 0.00101
42896	 1.57087	 0.00101
42914.3	 1.57097	 0.00101
42932.6	 1.57106	 0.00102
42951	 1.57116	 0.00102
42969.3	 1.57126	 0.00102
42987.7	 1.57136	 0.00102
43006	 1.57146	 0.00103
43024.3	 1.57156	 0.00103
43042.7	 1.57167	 0.00103
43061	 1.57176	 0.00103
43079.4	 1.57187	 0.00104
43097.7	 1.57197	 0.00104
43116	 1.57207	 0.00104
43134.4	 1.57217	 0.00104
43152.7	 1.57227	 0.00105
43171.1	 1.57238	 0.00105
43189.4	 1.57248	 0.00105
43207.7	 1.57258	 0.00105
43226.1	 1.57268	 0.00106
43244.4	 1.57279	 0.00106
43262.8	 1.57289	 0.00106
43281.1	 1.573	 0.00106
43299.4	 1.5731	 0.00106
43317.8	 1.5732	 0.00107
43336.1	 1.57331	 0.00107
43354.5	 1.57341	 0.00107
43372.8	 1.57352	 0.00108
43391.1	 1.57362	 0.00108
43409.5	 1.57373	 0.00108
43427.8	 1.57383	 0.00108
43446.1	 1.57394	 0.00109
43464.5	 1.57405	 0.00109
43482.8	 1.57415	 0.00109
43501.2	 1.57426	 0.0011
43519.5	 1.57437	 0.0011
43537.8	 1.57448	 0.0011
43556.2	 1.57458	 0.0011
43574.5	 1.57469	 0.0011
43592.9	 1.5748	 0.00111
43611.2	 1.57491	 0.00111
43629.5	 1.57502	 0.00111
43647.9	 1.57513	 0.00112
43666.2	 1.57523	 0.00112
43684.6	 1.57535	 0.00112
43702.9	 1.57546	 0.00112
43721.2	 1.57556	 0.00113
43739.6	 1.57568	 0.00113
43757.9	 1.57579	 0.00113
43776.3	 1.5759	 0.00114
43794.6	 1.57601	 0.00114
43812.9	 1.57612	 0.00114
43831.3	 1.57623	 0.00114
43849.6	 1.57634	 0.00115
43868	 1.57646	 0.00115
43886.3	 1.57657	 0.00115
43904.6	 1.57668	 0.00116
43923	 1.57679	 0.00116
43941.3	 1.57691	 0.00116
43959.7	 1.57702	 0.00116
43978	 1.57714	 0.00117
43996.3	 1.57725	 0.00117
44014.7	 1.57737	 0.00117
44033	 1.57748	 0.00118
44051.4	 1.57759	 0.00118
44069.7	 1.57771	 0.00118
44088	 1.57783	 0.00118
44106.4	 1.57794	 0.00119
44124.7	 1.57806	 0.00119
44143	 1.57818	 0.00119
44161.4	 1.57829	 0.0012
44179.7	 1.57841	 0.0012
44198.1	 1.57853	 0.0012
44216.4	 1.57865	 0.00121
44234.7	 1.57876	 0.00121
44253.1	 1.57888	 0.00121
44271.4	 1.579	 0.00122
44289.8	 1.57912	 0.00122
44308.1	 1.57924	 0.00122
44326.4	 1.57936	 0.00122
44344.8	 1.57948	 0.00123
44363.1	 1.5796	 0.00123
44381.5	 1.57972	 0.00123
44399.8	 1.57984	 0.00124
44418.1	 1.57996	 0.00124
44436.5	 1.58009	 0.00125
44454.8	 1.58021	 0.00125
44473.2	 1.58033	 0.00125
44491.5	 1.58045	 0.00126
44509.8	 1.58057	 0.00126
44528.2	 1.5807	 0.00126
44546.5	 1.58082	 0.00126
44564.9	 1.58094	 0.00127
44583.2	 1.58107	 0.00127
44601.5	 1.58119	 0.00127
44619.9	 1.58132	 0.00128
44638.2	 1.58144	 0.00128
44656.6	 1.58157	 0.00129
44674.9	 1.5817	 0.00129
44693.2	 1.58182	 0.00129
44711.6	 1.58195	 0.0013
44729.9	 1.58207	 0.0013
44748.3	 1.5822	 0.0013
44766.6	 1.58233	 0.0013
44784.9	 1.58246	 0.00131
44803.3	 1.58259	 0.00131
44821.6	 1.58271	 0.00132
44839.9	 1.58284	 0.00132
44858.3	 1.58297	 0.00132
44876.6	 1.5831	 0.00133
44895	 1.58323	 0.00133
44913.3	 1.58336	 0.00134
44931.6	 1.58349	 0.00134
44950	 1.58363	 0.00134
44968.3	 1.58376	 0.00134
44986.7	 1.58389	 0.00135
45005	 1.58402	 0.00135
45023.3	 1.58415	 0.00136
45041.7	 1.58429	 0.00136
45060	 1.58442	 0.00136
45078.4	 1.58455	 0.00137
45096.7	 1.58469	 0.00137
45115	 1.58482	 0.00138
45133.4	 1.58495	 0.00138
45151.7	 1.58509	 0.00138
45170.1	 1.58523	 0.00139
45188.4	 1.58536	 0.00139
45206.7	 1.5855	 0.00139
45225.1	 1.58564	 0.0014
45243.4	 1.58577	 0.0014
45261.8	 1.58591	 0.00141
45280.1	 1.58605	 0.00141
45298.4	 1.58618	 0.00142
45316.8	 1.58632	 0.00142
45335.1	 1.58646	 0.00142
45353.4	 1.5866	 0.00143
45371.8	 1.58674	 0.00143
45390.1	 1.58688	 0.00143
45408.5	 1.58702	 0.00144
45426.8	 1.58716	 0.00144
45445.1	 1.5873	 0.00145
45463.5	 1.58744	 0.00145
45481.8	 1.58759	 0.00145
45500.2	 1.58773	 0.00146
45518.5	 1.58787	 0.00146
45536.8	 1.58802	 0.00147
45555.2	 1.58816	 0.00147
45573.5	 1.5883	 0.00148
45591.9	 1.58845	 0.00148
45610.2	 1.58859	 0.00149
45628.5	 1.58874	 0.00149
45646.9	 1.58889	 0.00149
45665.2	 1.58903	 0.0015
45683.6	 1.58918	 0.0015
45701.9	 1.58933	 0.00151
45720.2	 1.58947	 0.00151
45738.6	 1.58962	 0.00152
45756.9	 1.58977	 0.00152
45775.3	 1.58992	 0.00152
45793.6	 1.59007	 0.00153
45811.9	 1.59022	 0.00153
45830.3	 1.59037	 0.00154
45848.6	 1.59052	 0.00154
45867	 1.59067	 0.00155
45885.3	 1.59082	 0.00155
45903.6	 1.59097	 0.00156
45922	 1.59113	 0.00156
45940.3	 1.59128	 0.00156
45958.7	 1.59143	 0.00157
45977	 1.59159	 0.00157
45995.3	 1.59174	 0.00158
46013.7	 1.59189	 0.00159
46032	 1.59205	 0.00159
46050.4	 1.59221	 0.00159
46068.7	 1.59236	 0.0016
46087	 1.59252	 0.0016
46105.4	 1.59268	 0.00161
46123.7	 1.59283	 0.00161
46142	 1.59299	 0.00162
46160.4	 1.59315	 0.00162
46178.7	 1.59331	 0.00163
46197.1	 1.59347	 0.00163
46215.4	 1.59363	 0.00164
46233.7	 1.59379	 0.00164
46252.1	 1.59395	 0.00165
46270.4	 1.59411	 0.00165
46288.8	 1.59427	 0.00166
46307.1	 1.59444	 0.00166
46325.4	 1.5946	 0.00167
46343.8	 1.59476	 0.00167
46362.1	 1.59493	 0.00168
46380.5	 1.59509	 0.00168
46398.8	 1.59526	 0.00169
46417.1	 1.59542	 0.00169
46435.5	 1.59559	 0.0017
46453.8	 1.59575	 0.0017
46472.2	 1.59592	 0.00171
46490.5	 1.59609	 0.00172
46508.8	 1.59626	 0.00172
46527.2	 1.59643	 0.00173
46545.5	 1.5966	 0.00173
46563.9	 1.59676	 0.00174
46582.2	 1.59693	 0.00174
46600.5	 1.59711	 0.00175
46618.9	 1.59728	 0.00176
46637.2	 1.59745	 0.00176
46655.6	 1.59762	 0.00177
46673.9	 1.59779	 0.00177
46692.2	 1.59797	 0.00178
46710.6	 1.59814	 0.00178
46728.9	 1.59832	 0.00179
46747.3	 1.59849	 0.00179
46765.6	 1.59867	 0.0018
46783.9	 1.59885	 0.00181
46802.3	 1.59902	 0.00181
46820.6	 1.5992	 0.00182
46838.9	 1.59938	 0.00183
46857.3	 1.59956	 0.00183
46875.6	 1.59974	 0.00184
46894	 1.59992	 0.00184
46912.3	 1.6001	 0.00185
46930.6	 1.60028	 0.00186
46949	 1.60046	 0.00186
46967.3	 1.60064	 0.00187
46985.7	 1.60083	 0.00187
47004	 1.60101	 0.00188
47022.3	 1.6012	 0.00189
47040.7	 1.60138	 0.00189
47059	 1.60156	 0.0019
47077.4	 1.60175	 0.00191
47095.7	 1.60194	 0.00191
47114	 1.60213	 0.00192
47132.4	 1.60231	 0.00192
47150.7	 1.6025	 0.00193
47169.1	 1.60269	 0.00194
47187.4	 1.60288	 0.00195
47205.7	 1.60307	 0.00195
47224.1	 1.60326	 0.00196
47242.4	 1.60345	 0.00196
47260.8	 1.60365	 0.00197
47279.1	 1.60384	 0.00198
47297.4	 1.60403	 0.00199
47315.8	 1.60423	 0.00199
47334.1	 1.60442	 0.002
47352.4	 1.60462	 0.00201
47370.8	 1.60482	 0.00201
47389.1	 1.60502	 0.00202
47407.5	 1.60521	 0.00203
47425.8	 1.60541	 0.00204
47444.1	 1.60561	 0.00204
47462.5	 1.60581	 0.00205
47480.8	 1.60601	 0.00206
47499.2	 1.60621	 0.00206
47517.5	 1.60642	 0.00207
47535.8	 1.60662	 0.00208
47554.2	 1.60682	 0.00209
47572.5	 1.60703	 0.00209
47590.9	 1.60723	 0.0021
47609.2	 1.60744	 0.00211
47627.5	 1.60765	 0.00212
47645.9	 1.60785	 0.00212
47664.2	 1.60806	 0.00213
47682.6	 1.60827	 0.00214
47700.9	 1.60848	 0.00215
47719.2	 1.60869	 0.00216
47737.6	 1.6089	 0.00217
47755.9	 1.60912	 0.00217
47774.3	 1.60933	 0.00218
47792.6	 1.60954	 0.00219
47810.9	 1.60976	 0.0022
47829.3	 1.60997	 0.0022
47847.6	 1.61019	 0.00221
47866	 1.61041	 0.00222
47884.3	 1.61062	 0.00223
47902.6	 1.61084	 0.00224
47921	 1.61106	 0.00225
47939.3	 1.61128	 0.00226
47957.7	 1.6115	 0.00226
47976	 1.61172	 0.00227
47994.3	 1.61195	 0.00228
48012.7	 1.61217	 0.00229
48031	 1.6124	 0.0023
48049.4	 1.61262	 0.00231
48067.7	 1.61285	 0.00232
48086	 1.61308	 0.00233
48104.4	 1.6133	 0.00234
48122.7	 1.61353	 0.00235
48141	 1.61376	 0.00235
48159.4	 1.61399	 0.00236
48177.7	 1.61423	 0.00237
48196.1	 1.61446	 0.00238
48214.4	 1.61469	 0.00239
48232.7	 1.61493	 0.0024
48251.1	 1.61516	 0.00241
48269.4	 1.6154	 0.00242
48287.8	 1.61563	 0.00243
48306.1	 1.61587	 0.00244
48324.4	 1.61611	 0.00245
48342.8	 1.61635	 0.00246
48361.1	 1.61659	 0.00247
48379.5	 1.61684	 0.00248
48397.8	 1.61708	 0.00249
48416.1	 1.61732	 0.0025
48434.5	 1.61757	 0.00251
48452.8	 1.61781	 0.00252
48471.2	 1.61806	 0.00253
48489.5	 1.61831	 0.00254
48507.8	 1.61856	 0.00255
48526.2	 1.61881	 0.00256
48544.5	 1.61906	 0.00257
48562.9	 1.61932	 0.00258
48581.2	 1.61957	 0.0026
48599.5	 1.61982	 0.00261
48617.9	 1.62008	 0.00262
48636.2	 1.62033	 0.00263
48654.6	 1.62059	 0.00264
48672.9	 1.62085	 0.00265
48691.2	 1.62111	 0.00266
48709.6	 1.62137	 0.00268
48727.9	 1.62164	 0.00269
48746.3	 1.6219	 0.0027
48764.6	 1.62217	 0.00271
48782.9	 1.62243	 0.00272
48801.3	 1.6227	 0.00274
48819.6	 1.62297	 0.00275
48837.9	 1.62324	 0.00276
48856.3	 1.62351	 0.00277
48874.6	 1.62378	 0.00278
48893	 1.62405	 0.00279
48911.3	 1.62433	 0.00281
48929.6	 1.6246	 0.00282
48948	 1.62488	 0.00283
48966.3	 1.62516	 0.00285
48984.7	 1.62544	 0.00286
49003	 1.62572	 0.00287
49021.3	 1.626	 0.00289
49039.7	 1.62628	 0.0029
49058	 1.62657	 0.00291
49076.4	 1.62685	 0.00293
49094.7	 1.62714	 0.00294
49113	 1.62743	 0.00295
49131.4	 1.62772	 0.00297
49149.7	 1.62801	 0.00298
49168.1	 1.6283	 0.003
49186.4	 1.6286	 0.00301
49204.7	 1.62889	 0.00303
49223.1	 1.62919	 0.00304
49241.4	 1.62949	 0.00306
49259.8	 1.62979	 0.00307
49278.1	 1.63009	 0.00308
49296.4	 1.63039	 0.0031
49314.8	 1.6307	 0.00312
49333.1	 1.631	 0.00313
49351.4	 1.63131	 0.00315
49369.8	 1.63162	 0.00316
49388.1	 1.63193	 0.00318
49406.5	 1.63224	 0.0032
49424.8	 1.63256	 0.00321
49443.1	 1.63287	 0.00323
49461.5	 1.63319	 0.00324
49479.8	 1.63351	 0.00326
49498.2	 1.63383	 0.00328
49516.5	 1.63415	 0.0033
49534.8	 1.63448	 0.00332
49553.2	 1.6348	 0.00333
49571.5	 1.63513	 0.00335
49589.9	 1.63546	 0.00337
49608.2	 1.63579	 0.00339
49626.5	 1.63612	 0.0034
49644.9	 1.63645	 0.00342
49663.2	 1.63679	 0.00344
49681.6	 1.63713	 0.00346
49699.9	 1.63747	 0.00348
49718.2	 1.63781	 0.0035
49736.6	 1.63815	 0.00352
49754.9	 1.6385	 0.00354
49773.3	 1.63885	 0.00356
49791.6	 1.6392	 0.00358
49809.9	 1.63955	 0.0036
49828.3	 1.6399	 0.00362
49846.6	 1.64025	 0.00364
49865	 1.64061	 0.00366
49883.3	 1.64097	 0.00368
49901.6	 1.64133	 0.0037
49920	 1.6417	 0.00372
49938.3	 1.64206	 0.00374
49956.7	 1.64243	 0.00377
49975	 1.6428	 0.00379
49993.3	 1.64317	 0.00381
50011.7	 1.64355	 0.00384
50030	 1.64393	 0.00386
50048.3	 1.6443	 0.00388
50066.7	 1.64469	 0.00391
50085	 1.64507	 0.00393
50103.4	 1.64546	 0.00396
50121.7	 1.64584	 0.00398
50140	 1.64624	 0.004
50158.4	 1.64663	 0.00403
50176.7	 1.64703	 0.00405
50195.1	 1.64742	 0.00408
50213.4	 1.64782	 0.00411
50231.7	 1.64823	 0.00414
50250.1	 1.64863	 0.00416
50268.4	 1.64904	 0.00419
50286.8	 1.64946	 0.00422
50305.1	 1.64987	 0.00424
50323.4	 1.65029	 0.00427
50341.8	 1.65071	 0.0043
50360.1	 1.65113	 0.00433
50378.5	 1.65156	 0.00436
50396.8	 1.65199	 0.00439
50415.1	 1.65242	 0.00442
50433.5	 1.65285	 0.00445
50451.8	 1.65329	 0.00449
50470.2	 1.65373	 0.00452
50488.5	 1.65418	 0.00455
50506.8	 1.65462	 0.00459
50525.2	 1.65507	 0.00462
50543.5	 1.65553	 0.00465
50561.9	 1.65598	 0.00469
50580.2	 1.65645	 0.00472
50598.5	 1.65691	 0.00476
50616.9	 1.65738	 0.0048
50635.2	 1.65785	 0.00483
50653.6	 1.65832	 0.00487
50671.9	 1.6588	 0.00491
50690.2	 1.65928	 0.00495
50708.6	 1.65977	 0.00498
50726.9	 1.66026	 0.00502
50745.3	 1.66075	 0.00507
50763.6	 1.66125	 0.00511
50781.9	 1.66175	 0.00515
50800.3	 1.66226	 0.00519
50818.6	 1.66277	 0.00523
50836.9	 1.66329	 0.00528
50855.3	 1.66381	 0.00532
50873.6	 1.66433	 0.00537
50892	 1.66486	 0.00542
50910.3	 1.66539	 0.00547
50928.6	 1.66593	 0.00551
50947	 1.66647	 0.00556
50965.3	 1.66701	 0.00561
50983.7	 1.66757	 0.00566
51002	 1.66812	 0.00572
