 5.1825018009E+02 1.7900000000E+00 2.5554500000E-02
 4.5767637703E+02 1.7900000000E+00 2.5756600000E-02
 4.0418248031E+02 1.7900000000E+00 2.6165700000E-02
 3.5916572984E+02 1.7900000000E+00 2.6372700000E-02
 3.2315502716E+02 1.7900000000E+00 2.6791500000E-02
 2.8538487004E+02 1.7900000000E+00 2.7432300000E-02
 2.5202819691E+02 1.7900000000E+00 2.8310600000E-02
 2.2535465188E+02 1.7900000000E+00 2.8987700000E-02
 2.0150402605E+02 1.7900000000E+00 2.9681100000E-02
 1.8017758303E+02 1.7900000000E+00 3.1117800000E-02
 1.5813251821E+02 1.7900000000E+00 3.2624200000E-02
 1.4125371144E+02 1.7900000000E+00 3.4185000000E-02
 1.2589257838E+02 1.7900000000E+00 3.5619000000E-02
 1.1220183764E+02 1.7900000000E+00 3.6350000000E-02
 1.0000000000E+02 1.7900000000E+00 3.7655000000E-02
 8.9124971034E+01 1.7870000000E+00 3.7642000000E-02
 7.9432533977E+01 1.7840000000E+00 3.5711000000E-02
 7.0794455378E+01 1.7810000000E+00 3.4111000000E-02
 6.3095861542E+01 1.7780000000E+00 3.2733000000E-02
 5.6234113863E+01 1.7740000000E+00 3.2593000000E-02
 5.0118781512E+01 1.7710000000E+00 3.3774000000E-02
 4.4668381933E+01 1.7670000000E+00 3.5587000000E-02
 3.9360471066E+01 1.7630000000E+00 3.7998300000E-02
 3.4622801885E+01 1.7590000000E+00 4.0870900000E-02
 3.1046837259E+01 1.7560000000E+00 4.3761000000E-02
 2.7485515133E+01 1.7530000000E+00 4.6642500000E-02
 2.4646811196E+01 1.7500000000E+00 4.9487800000E-02
 2.2101254688E+01 1.7480000000E+00 5.2506600000E-02
 1.9818619990E+01 1.7460000000E+00 5.5456400000E-02
 1.7321656227E+01 1.7440000000E+00 5.8572000000E-02
 1.5124016939E+01 1.7420000000E+00 6.3214000000E-02
 1.3663050057E+01 1.7410000000E+00 6.8382900000E-02
 1.2416190713E+01 1.7380000000E+00 7.4041000000E-02
 1.1044842059E+01 1.7340000000E+00 8.2863000000E-02
 1.0044194456E+01 1.7280000000E+00 9.1025000000E-02
 8.9126559715E+00 1.7160000000E+00 1.0090000000E-01
 7.7760497667E+00 1.6970000000E+00 1.0680000000E-01
 6.9204152249E+00 1.6810000000E+00 1.0400000000E-01
 6.1538461538E+00 1.6700000000E+00 9.6063000000E-02
 5.3966540745E+00 1.6660000000E+00 8.8005000000E-02
 4.8007681229E+00 1.6670000000E+00 8.5660000000E-02
 4.4286979628E+00 1.6680000000E+00 8.7206000000E-02
 3.9401103231E+00 1.6680000000E+00 9.3402000000E-02
 3.5486160397E+00 1.6640000000E+00 1.0050000000E-01
 3.1625553447E+00 1.6550000000E+00 1.0480000000E-01
 2.8153153153E+00 1.6500000000E+00 1.0460000000E-01
 2.5233409034E+00 1.6490000000E+00 1.0530000000E-01
 2.2609088854E+00 1.6510000000E+00 1.0960000000E-01
 1.9968051118E+00 1.6540000000E+00 1.1880000000E-01
 1.7636684303E+00 1.6550000000E+00 1.3190000000E-01
 1.5790304753E+00 1.6560000000E+00 1.4640000000E-01
 1.4042971493E+00 1.6560000000E+00 1.6490000000E-01
 1.2642225032E+00 1.6550000000E+00 1.8420000000E-01
 1.1270145385E+00 1.6530000000E+00 2.0890000000E-01
 1.0032102729E+00 1.6480000000E+00 2.3840000000E-01
 8.9325591782E-01 1.6410000000E+00 2.7310000000E-01
 7.9434426881E-01 1.6280000000E+00 3.1480000000E-01
 7.0796460177E-01 1.6070000000E+00 3.6250000000E-01
 6.3095463436E-01 1.5730000000E+00 4.1570000000E-01
 5.6433408578E-01 1.5240000000E+00 4.6630000000E-01
 4.9895220038E-01 1.4520000000E+00 5.1260000000E-01
 4.4668780989E-01 1.3750000000E+00 5.4220000000E-01
 3.9810502010E-01 1.2840000000E+00 5.5570000000E-01
 3.5481124042E-01 1.1900000000E+00 5.4510000000E-01
 3.1622553205E-01 1.1070000000E+00 5.1100000000E-01
 2.8184098532E-01 1.0440000000E+00 4.6380000000E-01
 2.5118685790E-01 9.9920000000E-01 4.1830000000E-01
 2.2387391421E-01 9.6090000000E-01 3.8240000000E-01
 1.9952513019E-01 9.1460000000E-01 3.4690000000E-01
