1.239840E+05 -6.3696E+03 2.2563E+06  1.0596E+03 1.0636E+03
1.239840E+04 -6.3628E+03 2.2541E+05  3.3001E+02 3.4049E+02
2.000065E+03 -6.1149E+03 3.5086E+04  1.2045E+02 1.4444E+02
1.499927E+03 -5.9289E+03 2.5594E+04  9.9856E+01 1.2689E+02
1.200232E+03 -5.7041E+03 1.9787E+04  8.5284E+01 1.1466E+02
9.998710E+02 -5.4492E+03 1.5828E+04  7.4137E+01 1.0533E+02
7.000791E+02 -4.7156E+03 9.7622E+03  5.4347E+01 8.8192E+01
4.999355E+02 -3.7201E+03 5.6947E+03  3.8259E+01 7.2528E+01
4.132800E+02 -3.0634E+03 4.0145E+03  3.0518E+01 6.3685E+01
3.542400E+02 -2.5158E+03 2.9478E+03  2.5077E+01 5.6523E+01
2.999855E+02 -1.9395E+03 2.0604E+03  2.0100E+01 4.8823E+01
2.500182E+02 -1.3550E+03 1.3551E+03  1.5757E+01 4.0433E+01
2.000065E+02 -7.3545E+02 7.9120E+02  1.2136E+01 3.0116E+01
1.749951E+02 -4.1676E+02 5.7409E+02  1.1105E+01 2.3713E+01
1.499927E+02 -9.0530E+01 4.1413E+02  1.1926E+01 1.6019E+01
1.350000E+02  1.1533E+02 3.5810E+02  1.4698E+01 1.1406E+01
1.239840E+02  2.7085E+02 3.5102E+02  1.7919E+01 9.2770E+00
1.180800E+02  3.5223E+02 3.6525E+02  1.9753E+01 8.8001E+00
1.127127E+02  4.2281E+02 3.9042E+02  2.1361E+01 8.7298E+00
1.033200E+02  5.2061E+02 4.7507E+02  2.3770E+01 9.5896E+00
9.998710E+01  5.4098E+02 5.1199E+02  2.4373E+01 1.0089E+01
9.537231E+01  5.5505E+02 5.6091E+02  2.4941E+01 1.0811E+01
9.184000E+01  5.6203E+02 5.9783E+02  2.5308E+01 1.1362E+01
8.856000E+01  5.6434E+02 6.3362E+02  2.5594E+01 1.1913E+01
8.550621E+01  5.6161E+02 6.7301E+02  2.5831E+01 1.2542E+01
8.265601E+01  5.4938E+02 7.1062E+02  2.5919E+01 1.3200E+01
7.998968E+01  5.2965E+02 7.4530E+02  2.5885E+01 1.3861E+01
7.749000E+01  5.0366E+02 7.7464E+02  2.5732E+01 1.4489E+01
7.514182E+01  4.7514E+02 7.9755E+02  2.5505E+01 1.5045E+01
7.293176E+01  4.4481E+02 8.1689E+02  2.5234E+01 1.5569E+01
7.084800E+01  4.1300E+02 8.3262E+02  2.4922E+01 1.6060E+01
7.000790E+01  3.9892E+02 8.3745E+02  2.4768E+01 1.6250E+01
6.888000E+01  3.8032E+02 8.4418E+02  2.4570E+01 1.6507E+01
6.701838E+01  3.4650E+02 8.5272E+02  2.4182E+01 1.6931E+01
6.525474E+01  3.1318E+02 8.5831E+02  2.3781E+01 1.7318E+01
6.358154E+01  2.7865E+02 8.6064E+02  2.3337E+01 1.7682E+01
6.199200E+01  2.4419E+02 8.6034E+02  2.2872E+01 1.8020E+01
5.904000E+01  1.7781E+02 8.4961E+02  2.1881E+01 1.8566E+01
5.635637E+01  1.1432E+02 8.3056E+02  2.0839E+01 1.9016E+01
5.390609E+01  5.6298E+01 8.0156E+02  1.9747E+01 1.9317E+01
5.166000E+01  5.2187E+00 7.6713E+02  1.8664E+01 1.9506E+01
4.999355E+01 -3.2183E+01 7.3523E+02  1.7771E+01 1.9584E+01
4.508509E+01 -1.1081E+02 6.0497E+02  1.4891E+01 1.9035E+01
4.132800E+01 -1.2834E+02 5.0471E+02  1.3021E+01 1.7998E+01
3.757091E+01 -1.2998E+02 4.1696E+02  1.1399E+01 1.6814E+01
3.350919E+01 -1.1994E+02 3.3117E+02  9.7922E+00 1.5343E+01
2.999855E+01 -1.0116E+02 2.6545E+02  8.5802E+00 1.3854E+01
2.755200E+01 -8.4655E+01 2.2585E+02  7.8654E+00 1.2738E+01
2.499677E+01 -6.5249E+01 1.8923E+02  7.2337E+00 1.1491E+01
2.431059E+01 -5.8521E+01 1.8162E+02  7.1544E+00 1.1136E+01
2.384308E+01 -5.4793E+01 1.7681E+02  7.0937E+00 1.0922E+01
2.339321E+01 -5.1692E+01 1.7235E+02  7.0300E+00 1.0732E+01
2.296000E+01 -4.8809E+01 1.6806E+02  6.9661E+00 1.0548E+01
2.254255E+01 -4.6130E+01 1.6388E+02  6.9010E+00 1.0371E+01
2.214000E+01 -4.3601E+01 1.5991E+02  6.8387E+00 1.0200E+01
2.175158E+01 -4.1206E+01 1.5604E+02  6.7760E+00 1.0034E+01
2.137655E+01 -3.8877E+01 1.5238E+02  6.7181E+00 9.8715E+00
2.101424E+01 -3.6623E+01 1.4882E+02  6.6617E+00 9.7121E+00
2.066400E+01 -3.4404E+01 1.4538E+02  6.6080E+00 9.5543E+00
2.032525E+01 -3.2246E+01 1.4222E+02  6.5621E+00 9.4038E+00
2.000065E+01 -3.0090E+01 1.3917E+02  6.5196E+00 9.2539E+00
1.937250E+01 -2.5571E+01 1.3398E+02  6.4713E+00 8.9661E+00
1.878546E+01 -2.2130E+01 1.2971E+02  6.4259E+00 8.7335E+00
1.823294E+01 -1.9253E+01 1.2573E+02  6.3755E+00 8.5235E+00
1.771200E+01 -1.6716E+01 1.2198E+02  6.3236E+00 8.3277E+00
1.722000E+01 -1.4470E+01 1.1851E+02  6.2732E+00 8.1468E+00
1.675459E+01 -1.2418E+01 1.1517E+02  6.2222E+00 7.9736E+00
1.631368E+01 -1.0518E+01 1.1212E+02  6.1767E+00 7.8117E+00
1.589538E+01 -8.9058E+00 1.0929E+02  6.1299E+00 7.6643E+00
1.549800E+01 -7.4794E+00 1.0664E+02  6.0838E+00 7.5272E+00
1.512000E+01 -6.2297E+00 1.0411E+02  6.0361E+00 7.3984E+00
1.499928E+01 -5.8363E+00 1.0331E+02  6.0208E+00 7.3571E+00
1.476000E+01 -5.0768E+00 1.0169E+02  5.9889E+00 7.2748E+00
1.441674E+01 -4.0180E+00 9.9273E+01  5.9391E+00 7.1532E+00
1.408909E+01 -3.0300E+00 9.7002E+01  5.8918E+00 7.0375E+00
1.377600E+01 -2.0961E+00 9.4825E+01  5.8460E+00 6.9256E+00
1.347652E+01 -1.2127E+00 9.2740E+01  5.8017E+00 6.8174E+00
1.318979E+01 -3.4949E-01 9.0744E+01  5.7601E+00 6.7118E+00
1.291500E+01  4.8311E-01 8.8848E+01  5.7210E+00 6.6097E+00
1.265143E+01  1.2877E+00 8.7050E+01  5.6846E+00 6.5112E+00
1.239840E+01  2.1311E+00 8.5330E+01  5.6528E+00 6.4131E+00
1.227564E+01  2.5429E+00 8.4600E+01  5.6414E+00 6.3691E+00
1.215529E+01  2.8718E+00 8.3903E+01  5.6281E+00 6.3293E+00
1.192154E+01  3.4984E+00 8.2505E+01  5.6002E+00 6.2502E+00
1.169660E+01  4.0281E+00 8.1149E+01  5.5701E+00 6.1756E+00
1.148000E+01  4.5147E+00 7.9830E+01  5.5397E+00 6.1035E+00
1.127127E+01  4.9464E+00 7.8538E+01  5.5080E+00 6.0339E+00
1.107000E+01  5.3405E+00 7.7307E+01  5.4771E+00 5.9676E+00
1.087579E+01  5.7213E+00 7.6110E+01  5.4470E+00 5.9027E+00
1.068828E+01  6.0653E+00 7.4948E+01  5.4166E+00 5.8402E+00
1.050712E+01  6.3980E+00 7.3820E+01  5.3870E+00 5.7789E+00
1.033200E+01  6.6962E+00 7.2726E+01  5.3572E+00 5.7200E+00
1.016262E+01  6.9871E+00 7.1688E+01  5.3292E+00 5.6632E+00
9.998710E+00  7.2454E+00 7.0683E+01  5.3011E+00 5.6088E+00
9.840000E+00  7.4724E+00 6.9711E+01  5.2728E+00 5.5566E+00
9.686250E+00  7.6689E+00 6.8771E+01  5.2444E+00 5.5067E+00
9.663602E+00  7.6997E+00 6.8627E+01  5.2400E+00 5.4989E+00
9.537231E+00  7.8571E+00 6.7838E+01  5.2157E+00 5.4569E+00
9.392728E+00  8.0268E+00 6.6923E+01  5.1869E+00 5.4084E+00
9.252538E+00  8.1915E+00 6.6038E+01  5.1590E+00 5.3611E+00
9.116470E+00  8.3388E+00 6.5171E+01  5.1309E+00 5.3150E+00
8.984348E+00  8.4922E+00 6.4320E+01  5.1036E+00 5.2690E+00
8.856000E+00  8.6290E+00 6.3487E+01  5.0763E+00 5.2242E+00
8.731268E+00  8.7723E+00 6.2669E+01  5.0497E+00 5.1795E+00
8.610001E+00  8.9122E+00 6.1878E+01  5.0241E+00 5.1359E+00
8.492055E+00  9.0366E+00 6.1105E+01  4.9984E+00 5.0935E+00
8.377297E+00  9.1681E+00 6.0347E+01  4.9735E+00 5.0512E+00
8.265600E+00  9.2970E+00 5.9614E+01  4.9495E+00 5.0100E+00
7.998968E+00  9.6215E+00 5.7860E+01  4.8927E+00 4.9094E+00
7.749001E+00  9.9909E+00 5.6284E+01  4.8454E+00 4.8144E+00
7.514182E+00  1.0226E+01 5.4891E+01  4.7988E+00 4.7329E+00
7.293177E+00  1.0393E+01 5.3552E+01  4.7508E+00 4.6561E+00
7.084800E+00  1.0515E+01 5.2265E+01  4.7023E+00 4.5827E+00
6.911037E+00  1.0615E+01 5.1199E+01  4.6619E+00 4.5214E+00
6.701838E+00  1.0716E+01 4.9878E+01  4.6103E+00 4.4452E+00
6.525474E+00  1.0817E+01 4.8774E+01  4.5678E+00 4.3800E+00
6.358154E+00  1.1008E+01 4.7757E+01  4.5340E+00 4.3148E+00
6.332176E+00  1.1139E+01 4.7649E+01  4.5367E+00 4.3030E+00
6.328944E+00  1.1161E+01 4.7646E+01  4.5378E+00 4.3019E+00
6.325715E+00  1.1194E+01 4.7652E+01  4.5399E+00 4.3008E+00
6.322489E+00  1.1238E+01 4.7666E+01  4.5430E+00 4.2997E+00
6.319266E+00  1.1285E+01 4.7700E+01  4.5471E+00 4.2995E+00
6.316047E+00  1.1326E+01 4.7764E+01  4.5523E+00 4.3013E+00
6.312831E+00  1.1363E+01 4.7860E+01  4.5585E+00 4.3051E+00
6.309618E+00  1.1373E+01 4.7990E+01  4.5648E+00 4.3120E+00
6.306409E+00  1.1293E+01 4.8194E+01  4.5691E+00 4.3269E+00
6.303203E+00  1.1077E+01 4.8367E+01  4.5646E+00 4.3460E+00
6.300000E+00  1.0727E+01 4.8386E+01  4.5459E+00 4.3623E+00
6.296801E+00  1.0470E+01 4.8189E+01  4.5229E+00 4.3626E+00
6.293604E+00  1.0358E+01 4.7942E+01  4.5058E+00 4.3538E+00
6.290411E+00  1.0352E+01 4.7742E+01  4.4966E+00 4.3429E+00
6.287221E+00  1.0386E+01 4.7607E+01  4.4925E+00 4.3338E+00
6.284035E+00  1.0434E+01 4.7501E+01  4.4905E+00 4.3257E+00
6.280851E+00  1.0475E+01 4.7425E+01  4.4895E+00 4.3196E+00
6.277671E+00  1.0508E+01 4.7361E+01  4.4885E+00 4.3146E+00
6.274494E+00  1.0544E+01 4.7316E+01  4.4885E+00 4.3104E+00
6.271320E+00  1.0580E+01 4.7271E+01  4.4885E+00 4.3063E+00
6.268150E+00  1.0607E+01 4.7238E+01  4.4886E+00 4.3032E+00
6.261818E+00  1.0641E+01 4.7173E+01  4.4877E+00 4.2981E+00
6.230352E+00  1.0747E+01 4.6941E+01  4.4834E+00 4.2802E+00
6.199200E+00  1.0796E+01 4.6736E+01  4.4771E+00 4.2665E+00
6.048000E+00  1.0888E+01 4.5801E+01  4.4409E+00 4.2090E+00
5.904000E+00  1.0924E+01 4.4892E+01  4.4024E+00 4.1548E+00
5.635636E+00  1.0938E+01 4.3171E+01  4.3259E+00 4.0530E+00
5.510400E+00  1.0947E+01 4.2365E+01  4.2898E+00 4.0043E+00
5.166000E+00  1.0944E+01 4.0100E+01  4.1858E+00 3.8663E+00
4.999355E+00  1.0967E+01 3.9007E+01  4.1365E+00 3.7970E+00
4.768616E+00  1.1009E+01 3.7584E+01  4.0727E+00 3.7045E+00
4.428000E+00  1.0896E+01 3.5447E+01  3.9642E+00 3.5703E+00
4.132800E+00  1.0765E+01 3.3556E+01  3.8644E+00 3.4492E+00
3.874500E+00  1.0661E+01 3.1907E+01  3.7766E+00 3.3399E+00
3.646588E+00  1.0474E+01 3.0490E+01  3.6932E+00 3.2483E+00
3.401482E+00  1.0239E+01 2.8896E+01  3.5959E+00 3.1437E+00
3.262737E+00  1.0094E+01 2.7982E+01  3.5384E+00 3.0828E+00
3.099600E+00  9.9421E+00 2.6904E+01  3.4714E+00 3.0085E+00
2.755200E+00  9.4819E+00 2.4624E+01  3.3153E+00 2.8531E+00
2.479680E+00  9.1366E+00 2.2730E+01  3.1848E+00 2.7158E+00
2.423930E+00  9.0656E+00 2.2381E+01  3.1597E+00 2.6902E+00
2.254255E+00  8.7857E+00 2.1271E+01  3.0743E+00 2.6104E+00
2.199858E+00  8.6867E+00 2.0904E+01  3.0451E+00 2.5838E+00
2.121924E+00  8.5407E+00 2.0372E+01  3.0022E+00 2.5450E+00
2.066400E+00  8.4443E+00 1.9991E+01  2.9720E+00 2.5165E+00
1.907446E+00  8.1330E+00 1.8922E+01  2.8822E+00 2.4370E+00
1.771200E+00  7.8142E+00 1.7993E+01  2.7981E+00 2.3688E+00
1.650040E+00  7.5207E+00 1.7133E+01  2.7186E+00 2.3037E+00
1.549800E+00  7.2972E+00 1.6427E+01  2.6538E+00 2.2479E+00
1.458635E+00  7.0404E+00 1.5823E+01  2.5909E+00 2.2032E+00
1.377600E+00  6.7728E+00 1.5252E+01  2.5278E+00 2.1617E+00
1.305095E+00  6.5320E+00 1.4715E+01  2.4686E+00 2.1212E+00
1.249965E+00  6.3567E+00 1.4283E+01  2.4222E+00 2.0868E+00
1.127127E+00  5.9304E+00 1.3379E+01  2.3164E+00 2.0170E+00
9.998710E-01  5.4015E+00 1.2347E+01  2.1866E+00 1.9373E+00
8.997388E-01  4.9973E+00 1.1471E+01  2.0775E+00 1.8637E+00
7.998968E-01  4.6485E+00 1.0557E+01  1.9683E+00 1.7782E+00
7.000791E-01  4.3551E+00 9.6527E+00  1.8630E+00 1.6858E+00
6.563473E-01  4.2553E+00 9.2797E+00  1.8213E+00 1.6446E+00
5.500621E-01  4.0394E+00 8.5590E+00  1.7360E+00 1.5641E+00
4.860212E-01  3.8456E+00 8.3237E+00  1.6904E+00 1.5469E+00
4.399716E-01  3.6126E+00 8.2730E+00  1.6537E+00 1.5587E+00
4.339657E-01  3.5738E+00 8.2786E+00  1.6488E+00 1.5627E+00
3.999484E-01  3.2940E+00 8.3535E+00  1.6160E+00 1.5966E+00
3.814892E-01  3.0969E+00 8.4403E+00  1.5961E+00 1.6256E+00
3.649809E-01  2.8842E+00 8.5590E+00  1.5771E+00 1.6606E+00
3.440177E-01  2.5535E+00 8.8490E+00  1.5583E+00 1.7295E+00
3.262737E-01  2.0498E+00 9.2773E+00  1.5314E+00 1.8325E+00
3.099600E-01  1.1681E+00 9.7506E+00  1.4654E+00 1.9774E+00
2.917271E-01 -4.3133E-01 1.0000E+01  1.3005E+00 2.1734E+00
2.850207E-01 -1.2362E+00 9.9802E+00  1.2076E+00 2.2604E+00
2.739978E-01 -2.9058E+00 9.4277E+00  9.6374E-01 2.4004E+00
2.583000E-01 -4.4706E+00 7.0553E+00  4.8190E-01 2.3805E+00
2.500181E-01 -4.6506E+00 5.6893E+00  2.4683E-01 2.2815E+00
2.400000E-01 -4.3529E+00 4.1531E+00 -3.8205E-03 2.0845E+00
2.384308E-01 -4.2657E+00 3.9420E+00 -3.7371E-02 2.0475E+00
2.339321E-01 -3.9435E+00 3.4176E+00 -1.1485E-01 1.9306E+00
2.299833E-01 -3.6657E+00 3.0503E+00 -1.6776E-01 1.8326E+00
2.254255E-01 -3.3533E+00 2.6994E+00 -2.1646E-01 1.7226E+00
2.214000E-01 -3.0918E+00 2.4042E+00 -2.6007E-01 1.6246E+00
2.190143E-01 -2.9249E+00 2.2468E+00 -2.8107E-01 1.5626E+00
2.175158E-01 -2.8173E+00 2.1555E+00 -2.9218E-01 1.5226E+00
2.137655E-01 -2.5437E+00 1.9715E+00 -3.0710E-01 1.4226E+00
2.100000E-01 -2.3054E+00 1.8216E+00 -3.1602E-01 1.3316E+00
2.000065E-01 -1.7437E+00 1.4955E+00 -3.1938E-01 1.0986E+00
1.899847E-01 -1.2377E+00 1.2329E+00 -2.8658E-01 8.6408E-01
1.800000E-01 -7.7314E-01 1.0430E+00 -1.9557E-01 6.4826E-01
1.700041E-01 -3.4568E-01 8.9656E-01 -6.0785E-02 4.7729E-01
1.653120E-01 -1.4681E-01 8.4006E-01  1.2557E-02 4.1482E-01
1.600000E-01  7.3593E-02 7.9016E-01  9.6955E-02 3.6016E-01
1.549800E-01  2.7737E-01 7.5006E-01  1.7445E-01 3.1932E-01
1.490013E-01  5.3662E-01 6.9300E-01  2.6931E-01 2.7298E-01
1.458635E-01  6.9040E-01 6.7013E-01  3.2454E-01 2.5297E-01
1.441674E-01  7.7936E-01 6.6473E-01  3.5625E-01 2.4506E-01
1.425104E-01  8.6764E-01 6.6332E-01  3.8737E-01 2.3906E-01
1.408909E-01  9.5594E-01 6.6523E-01  4.1808E-01 2.3455E-01
1.389955E-01  1.0621E+00 6.7241E-01  4.5450E-01 2.3115E-01
1.362461E-01  1.2220E+00 6.9024E-01  5.0812E-01 2.2884E-01
1.333161E-01  1.4062E+00 7.2563E-01  5.6834E-01 2.3134E-01
1.305095E-01  1.5942E+00 7.8010E-01  6.2836E-01 2.3954E-01
1.278186E-01  1.7832E+00 8.6324E-01  6.8778E-01 2.5573E-01
1.249965E-01  1.9834E+00 9.8000E-01  7.4980E-01 2.8003E-01
1.215529E-01  2.2282E+00 1.1640E+00  8.2482E-01 3.1893E-01
1.180013E-01  2.4843E+00 1.4158E+00  9.0333E-01 3.7193E-01
1.148000E-01  2.7414E+00 1.7051E+00  9.8155E-01 4.3023E-01
1.109973E-01  3.0715E+00 2.2222E+00  1.0869E+00 5.3243E-01
1.078122E-01  3.3178E+00 2.9195E+00  1.1829E+00 6.6874E-01
1.050000E-01  3.2710E+00 3.9095E+00  1.2429E+00 8.7154E-01
1.024661E-01  2.5484E+00 4.8048E+00  1.1819E+00 1.1010E+00
9.999516E-02  1.7112E+00 5.1460E+00  1.0649E+00 1.2461E+00
9.762520E-02  9.0273E-01 5.2288E+00  9.3222E-01 1.3531E+00
9.537231E-02  2.0352E-01 5.1198E+00  7.9763E-01 1.4241E+00
9.322105E-02 -3.8112E-01 4.8372E+00  6.5763E-01 1.4591E+00
9.116471E-02 -7.3405E-01 4.5042E+00  5.4563E-01 1.4571E+00
8.856000E-02 -1.0897E+00 4.1496E+00  4.2494E-01 1.4561E+00
8.265600E-02 -1.7792E+00 3.3007E+00  1.4285E-01 1.4441E+00
7.749000E-02 -1.9800E+00 2.2998E+00 -1.2825E-01 1.3191E+00
7.293177E-02 -1.7797E+00 1.7304E+00 -2.5225E-01 1.1571E+00
6.888000E-02 -1.6302E+00 1.3205E+00 -3.5465E-01 1.0231E+00
6.525474E-02 -1.4162E+00 1.0299E+00 -4.1065E-01 8.7378E-01
6.199200E-02 -1.2741E+00 8.7006E-01 -4.3516E-01 7.7018E-01
5.904000E-02 -1.1621E+00 7.2997E-01 -4.5886E-01 6.7447E-01
5.635637E-02 -1.0562E+00 6.1000E-01 -4.7256E-01 5.7827E-01
5.390609E-02 -9.5768E-01 5.1995E-01 -4.6897E-01 4.8956E-01
5.166000E-02 -8.7389E-01 4.5000E-01 -4.5527E-01 4.1306E-01
4.959360E-02 -8.0076E-01 3.8996E-01 -4.3557E-01 3.4545E-01
4.768616E-02 -7.3706E-01 3.3998E-01 -4.1147E-01 2.8884E-01
4.592000E-02 -6.7296E-01 2.9006E-01 -3.8187E-01 2.3463E-01
4.428000E-02 -6.1574E-01 2.6000E-01 -3.4876E-01 1.9962E-01
4.275310E-02 -5.5710E-01 2.2006E-01 -3.1536E-01 1.6071E-01
4.132800E-02 -4.9815E-01 2.1002E-01 -2.7685E-01 1.4521E-01
3.999484E-02 -4.5690E-01 1.9998E-01 -2.5105E-01 1.3351E-01
3.874500E-02 -4.1844E-01 1.9004E-01 -2.2754E-01 1.2301E-01
3.757091E-02 -3.8336E-01 1.8498E-01 -2.0614E-01 1.1651E-01
3.646588E-02 -3.5135E-01 1.8000E-01 -1.8704E-01 1.1071E-01
3.542400E-02 -3.0149E-01 1.7998E-01 -1.5743E-01 1.0680E-01
3.444000E-02 -2.9678E-01 2.3998E-01 -1.4963E-01 1.4111E-01
3.350919E-02 -3.2487E-01 2.2261E-01 -1.6753E-01 1.3370E-01
3.262737E-02 -3.2190E-01 2.0670E-01 -1.6723E-01 1.2410E-01
3.179077E-02 -3.1593E-01 1.9241E-01 -1.6493E-01 1.1520E-01
3.099600E-02 -3.0822E-01 1.7929E-01 -1.6143E-01 1.0690E-01
2.952000E-02 -2.9047E-01 1.5641E-01 -1.5262E-01 9.2293E-02
2.817818E-02 -2.7216E-01 1.3710E-01 -1.4312E-01 8.0002E-02
2.695304E-02 -2.5478E-01 1.2089E-01 -1.3392E-01 6.9792E-02
2.583000E-02 -2.3814E-01 1.0700E-01 -1.2502E-01 6.1141E-02
2.479680E-02 -2.2289E-01 9.5191E-02 -1.1682E-01 5.3891E-02
2.361600E-02 -2.0526E-01 8.2682E-02 -1.0731E-01 4.6311E-02
2.296000E-02 -1.9560E-01 7.6178E-02 -1.0211E-01 4.2421E-02
2.214000E-02 -1.8363E-01 6.8513E-02 -9.5673E-02 3.7881E-02
2.156243E-02 -1.7523E-01 6.3401E-02 -9.1162E-02 3.4880E-02
2.066400E-02 -1.6232E-01 5.5954E-02 -8.4241E-02 3.0550E-02
1.907446E-02 -1.4042E-01 4.4128E-02 -7.2559E-02 2.3790E-02
1.771200E-02 -1.2231E-01 3.5364E-02 -6.2958E-02 1.8870E-02
1.653120E-02 -1.0741E-01 2.8725E-02 -5.5107E-02 1.5200E-02
1.549800E-02 -9.4889E-02 2.3596E-02 -4.8546E-02 1.2400E-02
1.458635E-02 -8.4381E-02 1.9598E-02 -4.3065E-02 1.0240E-02
1.377600E-02 -7.5465E-02 1.6439E-02 -3.8435E-02 8.5480E-03
1.305095E-02 -6.7812E-02 1.3900E-02 -3.4474E-02 7.1980E-03
1.239840E-02 -6.1219E-02 1.1840E-02 -3.1074E-02 6.1100E-03
1.127127E-02 -5.0551E-02 8.7775E-03 -2.5593E-02 4.5040E-03
1.033200E-02 -4.2300E-02 6.6606E-03 -2.1373E-02 3.4030E-03
9.537231E-03 -3.5825E-02 5.1532E-03 -1.8072E-02 2.6240E-03
8.856000E-03 -3.0650E-02 4.0584E-03 -1.5442E-02 2.0610E-03
8.265601E-03 -2.6429E-02 3.2423E-03 -1.3302E-02 1.6430E-03
7.749000E-03 -2.2951E-02 2.6253E-03 -1.1541E-02 1.3280E-03
7.293177E-03 -2.0042E-02 2.1501E-03 -1.0071E-02 1.0860E-03
7.084800E-03 -1.8743E-02 1.9530E-03 -9.4152E-03 9.8580E-04
6.888000E-03 -1.7551E-02 1.7790E-03 -8.8141E-03 8.9740E-04
6.525474E-03 -1.5433E-02 1.4860E-03 -7.7460E-03 7.4880E-04
6.199200E-03 -1.3582E-02 1.2520E-03 -6.8139E-03 6.3030E-04
5.635636E-03 -1.0482E-02 9.0781E-04 -5.2548E-03 4.5630E-04
5.166000E-03 -7.8300E-03 6.7534E-04 -3.9226E-03 3.3900E-04
4.768616E-03 -5.1425E-03 5.1347E-04 -2.5745E-03 2.5740E-04
4.592000E-03 -3.3462E-03 4.5084E-04 -1.6745E-03 2.2580E-04
4.508509E-03 -2.0040E-03 4.2318E-04 -1.0025E-03 2.1180E-04
4.428000E-03  4.3709E-04 3.9769E-04  2.1854E-04 1.9880E-04
4.396596E-03  2.6248E-03 3.8791E-04  1.3115E-03 1.9370E-04
4.381060E-03  4.7888E-03 4.9358E-04  2.3915E-03 2.4620E-04
4.373333E-03  6.7383E-03 6.0122E-04  3.3636E-03 2.9960E-04
4.365634E-03  1.1089E-02 1.1479E-03  5.5296E-03 5.7080E-04
4.364097E-03  1.2159E-02 2.0262E-03  6.0616E-03 1.0070E-03
4.361027E-03  1.4018E-02 5.5989E-03  6.9886E-03 2.7800E-03
4.357961E-03  1.4529E-02 9.1599E-03  7.2486E-03 4.5470E-03
4.354900E-03  1.3839E-02 1.2790E-02  6.9156E-03 6.3510E-03
4.351843E-03  1.2079E-02 1.6240E-02  6.0536E-03 8.0710E-03
4.350316E-03  1.0829E-02 1.7911E-02  5.4396E-03 8.9070E-03
4.348790E-03  9.2184E-03 1.9299E-02  4.6446E-03 9.6050E-03
4.347265E-03  7.1351E-03 2.0574E-02  3.6136E-03 1.0250E-02
4.345742E-03  4.8720E-03 2.1714E-02  2.4916E-03 1.0830E-02
4.344219E-03  2.5252E-03 2.2269E-02  1.3236E-03 1.1120E-02
4.342697E-03  7.8220E-05 2.1702E-02  9.7967E-05 1.0850E-02
4.341177E-03 -2.5166E-03 2.0875E-02 -1.2044E-03 1.0450E-02
4.339657E-03 -4.5604E-03 1.9600E-02 -2.2344E-03 9.8220E-03
4.338139E-03 -5.6513E-03 1.7860E-02 -2.7894E-03 8.9550E-03
4.335105E-03 -6.7836E-03 1.2930E-02 -3.3764E-03 6.4870E-03
4.327539E-03 -5.2534E-03 9.6347E-03 -2.6184E-03 4.8300E-03
4.320000E-03 -4.1626E-03 7.9834E-03 -2.0754E-03 4.0000E-03
4.305000E-03 -3.1394E-03 7.1927E-03 -1.5644E-03 3.6020E-03
4.290104E-03 -2.8575E-03 6.5167E-03 -1.4244E-03 3.2630E-03
4.275310E-03 -2.0135E-03 5.5225E-03 -1.0034E-03 2.7640E-03
4.260619E-03  6.6197E-04 5.1737E-03  3.3427E-04 2.5860E-03
4.259155E-03  1.1501E-03 5.4932E-03  5.7867E-04 2.7450E-03
4.253311E-03  2.0447E-03 8.3786E-03  1.0306E-03 4.1850E-03
4.251852E-03  1.6472E-03 9.4459E-03  8.3438E-04 4.7190E-03
4.250394E-03  1.0721E-03 1.0190E-02  5.4888E-04 5.0920E-03
4.246028E-03 -5.8436E-04 9.7533E-03 -2.8032E-04 4.8780E-03
4.244574E-03 -8.7040E-04 9.3200E-03 -4.2442E-04 4.6620E-03
4.231536E-03 -1.9049E-03 9.9307E-03 -9.4052E-04 4.9700E-03
4.217143E-03 -3.1279E-03 9.6809E-03 -1.5534E-03 4.8480E-03
4.202847E-03 -3.9628E-03 9.3276E-03 -1.9724E-03 4.6730E-03
4.188649E-03 -4.8328E-03 8.8706E-03 -2.4094E-03 4.4460E-03
4.174545E-03 -5.0712E-03 7.6805E-03 -2.5314E-03 3.8500E-03
4.160537E-03 -4.7946E-03 7.3384E-03 -2.3934E-03 3.6780E-03
4.146622E-03 -4.7595E-03 6.9973E-03 -2.3764E-03 3.5070E-03
4.132800E-03 -4.4307E-03 6.5555E-03 -2.2124E-03 3.2850E-03
4.119070E-03 -3.9779E-03 6.6348E-03 -1.9854E-03 3.3240E-03
4.105431E-03 -3.6272E-03 6.8176E-03 -1.8094E-03 3.4150E-03
4.091881E-03 -3.5694E-03 7.4108E-03 -1.7794E-03 3.7120E-03
4.078421E-03 -3.8779E-03 7.6911E-03 -1.9334E-03 3.8530E-03
4.065049E-03 -4.0798E-03 7.7662E-03 -2.0344E-03 3.8910E-03
4.051765E-03 -4.1244E-03 7.9436E-03 -2.0564E-03 3.9800E-03
4.038567E-03 -4.3878E-03 8.4235E-03 -2.1874E-03 4.2210E-03
4.025455E-03 -5.0833E-03 8.6979E-03 -2.5354E-03 4.3600E-03
4.012427E-03 -5.7665E-03 8.4656E-03 -2.8784E-03 4.2450E-03
3.999484E-03 -6.1719E-03 8.1348E-03 -3.0824E-03 4.0800E-03
3.936000E-03 -6.9336E-03 6.5891E-03 -3.4674E-03 3.3060E-03
3.874500E-03 -6.7048E-03 5.4198E-03 -3.3544E-03 2.7190E-03
3.757091E-03 -6.2089E-03 4.8429E-03 -3.1063E-03 2.4290E-03
3.646588E-03 -6.0366E-03 4.4884E-03 -3.0203E-03 2.2510E-03
3.444000E-03 -5.8275E-03 3.7231E-03 -2.9163E-03 1.8670E-03
3.262737E-03 -5.5153E-03 3.1134E-03 -2.7603E-03 1.5610E-03
3.099600E-03 -5.1755E-03 2.6212E-03 -2.5902E-03 1.3140E-03
2.755200E-03 -4.3664E-03 1.7520E-03 -2.1852E-03 8.7790E-04
2.479680E-03 -3.6533E-03 1.2130E-03 -1.8281E-03 6.0760E-04
2.254255E-03 -3.0801E-03 8.6506E-04 -1.5411E-03 4.3320E-04
2.066400E-03 -2.6166E-03 6.3277E-04 -1.3091E-03 3.1680E-04
1.907446E-03 -2.2450E-03 4.7307E-04 -1.1231E-03 2.3680E-04
1.771200E-03 -1.9422E-03 3.6065E-04 -9.7157E-04 1.8050E-04
1.653120E-03 -1.6940E-03 2.7956E-04 -8.4736E-04 1.3990E-04
1.549800E-03 -1.4892E-03 2.1984E-04 -7.4486E-04 1.1000E-04
1.458635E-03 -1.3191E-03 1.7530E-04 -6.5975E-04 8.7710E-05
1.377600E-03 -1.1751E-03 1.4140E-04 -5.8774E-04 7.0740E-05
1.305095E-03 -1.0530E-03 1.1530E-04 -5.2664E-04 5.7680E-05
1.239840E-03 -9.4865E-04 9.4915E-05 -4.7444E-04 4.7480E-05
1.127127E-03 -7.8151E-04 6.5994E-05 -3.9083E-04 3.3010E-05
1.033200E-03 -6.5414E-04 4.7265E-05 -3.2713E-04 2.3640E-05
9.537231E-04 -5.5517E-04 3.4690E-05 -2.7762E-04 1.7350E-05
8.856000E-04 -4.7738E-04 2.6034E-05 -2.3872E-04 1.3020E-05
8.265600E-04 -4.1439E-04 1.9910E-05 -2.0722E-04 9.9570E-06
7.749000E-04 -3.6320E-04 1.5469E-05 -1.8161E-04 7.7360E-06
7.293177E-04 -3.2100E-04 1.2200E-05 -1.6051E-04 6.1010E-06
6.888000E-04 -2.8580E-04 9.7426E-06 -1.4291E-04 4.8720E-06
6.525474E-04 -2.5620E-04 7.8730E-06 -1.2811E-04 3.9370E-06
6.199200E-04 -2.3040E-04 6.4273E-06 -1.1521E-04 3.2140E-06
4.959360E-04 -1.4621E-04 2.6438E-06 -7.3106E-05 1.3220E-06
4.132800E-04 -1.0121E-04 1.2739E-06 -5.0604E-05 6.3700E-07
3.099600E-04 -5.6604E-05 3.9759E-07 -2.8302E-05 1.9880E-07
2.479680E-04 -3.6103E-05 1.5990E-07 -1.8051E-05 7.9950E-08
2.066400E-04 -2.5022E-05 7.5599E-08 -1.2511E-05 3.7800E-08
1.549800E-04 -1.4051E-05 2.3000E-08 -7.0256E-06 1.1500E-08
1.239840E-04 -8.9807E-06 9.0740E-09 -4.4904E-06 4.5370E-09
1.033200E-04 -6.2325E-06 5.3140E-09 -3.1163E-06 2.6570E-09
8.856000E-05 -4.5784E-06 2.6100E-09 -2.2892E-06 1.3050E-09
7.749000E-05 -3.5023E-06 1.3230E-09 -1.7511E-06 6.6150E-10
6.888000E-05 -2.7682E-06 8.0980E-10 -1.3841E-06 4.0490E-10
6.199200E-05  3.0811E-10 2.8941E-17  1.5405E-10 1.4471E-17
