 0.10000E+00 0.16512E+01 0.11699E-01
 0.10500E+00 0.16497E+01 0.13543E-01
 0.12500E+00 0.16435E+01 0.22850E-01
 0.14000E+00 0.16393E+01 0.32102E-01
 0.15500E+00 0.16364E+01 0.43566E-01
 0.17500E+00 0.16348E+01 0.62700E-01
 0.20000E+00 0.16467E+01 0.93593E-01
 0.22000E+00 0.16698E+01 0.10991E+00
 0.25000E+00 0.17040E+01 0.11237E+00
 0.30000E+00 0.17395E+01 0.99227E-01
 0.31750E+00 0.17484E+01 0.93124E-01
 0.35000E+00 0.17605E+01 0.79759E-01
 0.40000E+00 0.17680E+01 0.60259E-01
 0.45000E+00 0.17683E+01 0.46498E-01
 0.53000E+00 0.17649E+01 0.33402E-01
 0.57000E+00 0.17629E+01 0.29437E-01
 0.65000E+00 0.17590E+01 0.24462E-01
 0.73000E+00 0.17556E+01 0.22230E-01
 0.85000E+00 0.17520E+01 0.22260E-01
 0.10000E+01 0.17512E+01 0.25432E-01
 0.11500E+01 0.17547E+01 0.27832E-01
 0.13000E+01 0.17593E+01 0.26933E-01
 0.13500E+01 0.17606E+01 0.26028E-01
 0.14000E+01 0.17616E+01 0.24933E-01
 0.15300E+01 0.17632E+01 0.21686E-01
 0.16500E+01 0.17635E+01 0.18702E-01
 0.18000E+01 0.17627E+01 0.15318E-01
 0.19000E+01 0.17618E+01 0.13450E-01
 0.20000E+01 0.17607E+01 0.11656E-01
 0.21500E+01 0.17585E+01 0.91914E-02
 0.22700E+01 0.17562E+01 0.74825E-02
 0.23500E+01 0.17544E+01 0.65492E-02
 0.25000E+01 0.17510E+01 0.54976E-02
 0.27500E+01 0.17455E+01 0.47333E-02
 0.29000E+01 0.17422E+01 0.44799E-02
 0.31000E+01 0.17379E+01 0.42697E-02
 0.33500E+01 0.17323E+01 0.39671E-02
 0.35000E+01 0.17287E+01 0.37915E-02
 0.37500E+01 0.17223E+01 0.35531E-02
 0.40000E+01 0.17154E+01 0.33763E-02
 0.45200E+01 0.16989E+01 0.31898E-02
 0.48000E+01 0.16887E+01 0.32255E-02
 0.50000E+01 0.16808E+01 0.33056E-02
 0.53000E+01 0.16681E+01 0.34722E-02
 0.56000E+01 0.16539E+01 0.35737E-02
 0.59000E+01 0.16382E+01 0.35528E-02
 0.67500E+01 0.15768E+01 0.36384E-02
 0.75500E+01 0.15004E+01 0.44897E-02
 0.82500E+01 0.13362E+01 0.13739E-01
 0.87000E+01 0.12303E+01 0.68685E-01
 0.90000E+01 0.99136E+00 0.11941E+00
 0.93000E+01 0.91542E+00 0.53772E+00
 0.97500E+01 0.11979E+01 0.76704E+00
 0.10000E+02 0.13016E+01 0.85872E+00
 0.10500E+02 0.15855E+01 0.93379E+00
 0.11000E+02 0.18341E+01 0.87359E+00
 0.11400E+02 0.19991E+01 0.75413E+00
 0.12000E+02 0.20772E+01 0.44901E+00
 0.12700E+02 0.18891E+01 0.22065E+00
 0.13500E+02 0.16692E+01 0.22420E+00
 0.15000E+02 0.13751E+01 0.34507E+00
 0.16500E+02 0.12437E+01 0.78153E+00
 0.18000E+02 0.14742E+01 0.11158E+01
 0.19000E+02 0.16520E+01 0.11925E+01
 0.20000E+02 0.17922E+01 0.12263E+01
 0.21000E+02 0.18982E+01 0.12311E+01
 0.23000E+02 0.20436E+01 0.12788E+01
 0.25000E+02 0.22320E+01 0.13478E+01
 0.26500E+02 0.23952E+01 0.13513E+01
 0.27500E+02 0.24960E+01 0.13354E+01
 0.29500E+02 0.26892E+01 0.12675E+01
 0.31500E+02 0.28227E+01 0.11351E+01
 0.33100E+02 0.28756E+01 0.10426E+01
 0.34500E+02 0.29079E+01 0.97302E+00
 0.36000E+02 0.29306E+01 0.90960E+00
 0.37000E+02 0.29435E+01 0.87370E+00
 0.38500E+02 0.29614E+01 0.82133E+00
 0.40000E+02 0.29682E+01 0.76957E+00
 0.42000E+02 0.29637E+01 0.72074E+00
 0.43350E+02 0.29618E+01 0.69930E+00
 0.45540E+02 0.29672E+01 0.67523E+00
 0.50000E+02 0.29999E+01 0.62818E+00
 0.60000E+02 0.30511E+01 0.50089E+00
 0.70000E+02 0.30557E+01 0.41800E+00
 0.85000E+02 0.30652E+01 0.34487E+00
 0.10000E+03 0.30750E+01 0.29200E+00
 0.10600E+03 0.30776E+01 0.27433E+00
 0.11000E+03 0.30790E+01 0.26347E+00
 0.11500E+03 0.30803E+01 0.25088E+00
 0.12000E+03 0.30812E+01 0.23934E+00
 0.12700E+03 0.30818E+01 0.22480E+00
 0.13300E+03 0.30820E+01 0.21374E+00
 0.14100E+03 0.30818E+01 0.20080E+00
 0.14500E+03 0.30816E+01 0.19505E+00
 0.15000E+03 0.30813E+01 0.18845E+00
 0.15500E+03 0.30810E+01 0.18246E+00
 0.20000E+03 0.30827E+01 0.14600E+00
 0.25000E+03 0.30878E+01 0.11680E+00
 0.35000E+03 0.30889E+01 0.83429E-01
 0.45000E+03 0.30902E+01 0.64889E-01
 0.50000E+03 0.30904E+01 0.58400E-01
 0.60000E+03 0.30907E+01 0.48667E-01
 0.80000E+03 0.30910E+01 0.36500E-01
 0.10000E+04 0.30912E+01 0.29200E-01
 0.13000E+04 0.30913E+01 0.22462E-01
 0.15000E+04 0.30914E+01 0.19467E-01
 0.20000E+04 0.30914E+01 0.14600E-01
 0.26000E+04 0.30914E+01 0.11231E-01
 0.30000E+04 0.30915E+01 0.97333E-02
 0.57000E+04 0.30911E+01 0.51228E-02
 0.96000E+04 0.30904E+01 0.30417E-02
 0.30000E+05 0.30301E+01 0.97333E-03
 0.10000E+06 0.30301E+01 0.29200E-03
